10.85 -16.71 0
24.79 -16.78 57
2.95 13.38 2
27.26 -31.89 3
-23.02 64.47 4
36.79 -18.02 23
81.04 -7.61 6
-30.39 63.77 98
-15.40 -2.98 7
-46.22 11.98 53
-60.82 -40.37 80
79.10 -8.60 6
-37.15 -18.86 0
-73.49 1.97 9
75.52 -26.25 10
-11.77 2.70 11
-22.53 -15.65 12
1.01 52.41 47
19.67 21.32 9
-80.86 0.29 2
19.85 30.86 14
-7.47 18.76 6
-68.34 -6.35 15
29.55 33.76 15
5.17 18.80 20
20.00 -10.61 65
33.99 -8.63 13
31.41 29.93 18
29.03 -12.22 32
-72.20 0.22 18
-40.37 -14.53 19
31.52 47.96 20
7.13 14.31 20
16.11 -32.52 2
35.15 -65.07 1
-6.74 -52.92 49
-44.63 27.02 51
10.85 16.64 21
27.62 43.83 11
35.50 -63.92 1
-4.13 -49.97 49
-36.59 54.85 22
3.66 -1.65 23
30.26 -21.39 24
3.49 11.88 6
10.48 16.91 25
-6.66 16.00 71
69.03 -14.42 8
41.63 -12.96 60
22.04 -8.35 8
-51.03 54.36 45
-7.09 42.15 67
34.90 50.37 26
1.22 52.61 47
43.24 -22.48 17
40.93 -61.99 7
3.64 39.89 25
-18.09 -65.92 85
28.23 47.72 28
-43.26 13.23 53
-17.63 -7.71 1
-52.28 29.09 22
31.17 61.94 4
-48.31 30.10 77
35.03 62.72 72
13.69 -12.97 41
15.66 -13.24 41
-57.61 -28.55 5
-70.48 -3.30 2
-44.03 -19.71 17
-46.20 44.51 92
-47.49 -28.87 5
75.30 -13.84 79
20.71 -29.26 14
-18.48 -11.11 0
-3.99 -49.92 49
39.13 -60.47 7
-12.85 -55.93 29
71.90 -23.49 81
-51.85 -18.66 22
-9.49 36.32 90
-18.30 -11.77 0
32.83 31.33 18
20.17 28.54 46
-68.62 -6.21 22
-49.90 28.51 4
50.89 -0.61 78
-49.66 38.37 31
78.49 -10.86 23
19.71 -15.34 82
1.58 50.07 47
19.31 23.23 9
-14.32 -5.67 1
42.06 -59.55 15
25.03 28.31 46
79.82 -20.83 21
-4.72 40.62 67
53.83 13.60 33
-42.92 46.01 29
-11.18 -63.62 34
-29.51 63.67 98
-11.78 -53.35 0
59.13 11.55 59
36.29 64.20 94
-43.22 39.84 6
35.62 44.19 84
22.00 28.39 46
4.81 49.99 47
-38.13 43.95 36
-41.52 43.68 6
-51.77 53.67 45
15.92 -2.41 15
-36.52 -22.72 29
27.80 -24.68 37
-47.26 41.04 92
-42.86 11.14 53
-43.25 52.81 24
39.16 -20.45 17
35.37 38.71 32
39.78 34.80 21
-82.52 0.14 2
-35.68 -18.72 0
-30.96 69.63 56
34.21 56.45 4
78.20 -7.71 86
-48.52 -25.22 31
-44.57 -21.83 17
73.77 -7.01 86
77.03 -23.08 35
-5.04 47.41 38
-39.26 13.44 96
-49.94 28.84 4
-61.32 -28.63 43
-12.37 38.75 90
-6.77 10.66 99
26.80 40.41 63
-29.37 -14.83 1
-9.44 -51.60 0
-46.90 41.21 92
-51.13 13.99 1
2.99 39.95 25
18.15 -33.40 2
21.62 -29.93 14
-52.79 35.11 41
-5.62 13.45 71
-31.07 68.66 56
-57.22 -30.66 1
-59.01 -37.81 80
35.66 -18.98 23
22.74 -10.03 32
18.84 -13.60 82
4.25 49.01 47
-48.64 -20.56 17
-23.64 66.76 43
47.90 -9.65 89
37.19 -14.95 34
-57.18 -33.49 1
24.95 -68.98 4
-62.60 -33.40 100
-34.79 27.57 44
56.45 8.19 87
-4.69 -55.09 1
35.77 -59.35 5
38.09 67.05 94
-62.46 -30.80 43
-49.87 47.99 22
71.74 -27.69 81
-8.32 -3.08 11
-47.73 42.72 92
28.58 -17.75 57
-75.56 -0.15 15
71.00 -3.71 74
-22.10 -64.24 47
-66.21 -36.30 100
61.31 0.60 46
12.26 23.86 18
33.01 -2.11 49
-41.98 42.10 6
-74.58 -6.72 39
2.48 38.79 45
-12.12 -64.90 2
-72.13 -5.88 2
32.26 46.46 84
-48.33 27.65 4
27.24 -10.75 32
-50.10 11.58 9
-17.79 -60.03 50
25.94 -28.13 11
-10.90 -4.54 13
-34.94 52.12 31
-4.26 33.97 52
-7.24 44.86 104
-45.08 -23.66 62
26.80 -17.55 57
38.06 -15.36 51
28.09 -7.60 19
-43.97 6.93 0
-4.54 47.99 38
-8.05 51.39 8
-81.92 -0.64 2
-17.11 -68.95 85
-29.00 68.77 56
73.73 -24.57 81
-58.08 -31.00 43
31.65 60.76 4
-49.03 48.26 22
-46.50 40.86 92
69.66 -9.14 36
32.55 39.22 15
38.24 66.58 94
-11.24 -62.18 43
37.16 -53.53 54
-12.32 -61.79 43
-9.13 -64.28 45
25.41 -35.87 18
24.96 -65.27 4
-38.29 13.19 96
35.16 -60.64 5
-1.28 9.12 12
-27.72 -14.08 1
24.12 -31.31 11
20.39 23.87 9
-9.15 -56.39 39
36.51 -14.43 34
27.34 28.10 9
-31.71 60.25 98
-11.27 1.99 7
9.67 -11.21 41
36.25 31.21 21
-58.24 -24.82 47
-32.71 -19.93 35
-46.12 -21.87 31
-7.33 48.90 104
-7.55 18.55 6
-61.77 -34.67 100
4.43 40.43 25
-16.63 -11.83 0
-32.29 22.46 14
-33.71 17.38 36
-52.16 34.25 33
-74.78 -5.39 39
4.50 49.80 47
-49.32 10.37 9
17.89 -32.97 2
-40.80 -23.18 29
-47.89 -32.61 28
-50.49 26.30 4
74.71 -24.38 8
-40.04 -24.13 29
17.32 -11.61 101
-28.09 -14.66 1
-35.79 64.49 102
-45.86 46.41 22
-11.03 -4.76 13
30.54 44.90 6
-43.02 -23.31 62
-16.90 -13.43 0
77.61 -2.96 27
14.03 -17.39 55
46.17 -14.88 58
-2.48 37.82 38
-44.10 13.69 53
46.43 -11.52 60
39.92 -4.04 34
5.49 16.25 20
-26.51 63.30 30
-39.88 17.34 33
77.43 -22.27 21
-33.36 -25.16 34
83.15 -6.08 50
-7.96 9.87 99
34.35 35.13 30
-54.48 44.25 97
30.92 -25.28 57
82.70 -1.95 50
35.93 -15.78 34
-51.72 -22.92 22
15.88 18.74 9
27.58 -17.06 57
-49.58 53.36 45
-6.69 8.97 99
-54.48 -27.99 5
-49.11 50.12 9
-65.61 -35.97 100
19.43 24.64 9
-11.53 -58.24 39
34.56 -61.80 1
35.24 45.66 84
34.18 60.82 4
-83.77 -0.91 2
35.16 -17.58 23
37.63 62.41 72
26.77 -63.43 105
-16.19 -63.54 85
-6.44 33.53 52
-52.83 35.18 60
5.98 18.02 20
-7.66 53.62 13
-43.41 11.12 53
5.78 13.31 6
-17.78 -10.24 0
-51.21 52.99 45
-19.01 -64.72 61
3.54 51.33 47
-42.65 14.08 53
1.64 49.64 47
-52.50 27.48 4
21.30 -15.87 82
-83.30 -0.66 2
40.94 -9.54 68
33.46 34.49 15
37.84 45.50 84
39.70 -53.72 62
-20.53 -7.97 9
21.45 -72.84 34
-25.43 65.25 30
-4.42 30.99 63
33.82 53.77 30
-5.67 -60.46 39
-45.58 -32.16 5
39.23 59.02 48
24.79 -26.16 22
84.97 -3.27 50
75.86 -2.61 27
32.89 -8.69 13
42.52 -63.07 7
-50.42 27.46 4
-79.34 -0.02 15
33.43 54.54 30
-9.54 -66.38 2
-39.74 45.81 29
51.12 -2.84 1
35.18 -12.74 34
37.47 49.95 10
21.03 -7.87 8
-8.65 -0.71 7
-6.04 3.56 7
-59.37 -28.37 43
-78.33 0.70 15
29.54 33.33 15
-25.59 62.90 30
29.05 56.68 64
-9.32 -65.35 2
2.62 13.05 6
21.48 -72.47 34
40.41 -55.60 43
76.27 -22.46 35
25.99 -1.16 65
35.64 63.29 72
-6.31 11.14 99
-18.16 -65.21 85
-48.63 -26.61 31
-23.86 -63.43 66
78.12 -14.36 79
35.09 31.17 21
-28.52 -18.94 35
73.72 -19.81 1
-36.12 52.60 31
-39.62 -13.83 20
39.87 -9.15 68
-38.92 -13.56 20
-63.52 -37.85 100
-75.10 -1.73 2
-19.43 -66.13 61
-49.95 -28.88 5
-4.73 -50.59 49
-57.51 -31.91 1
28.69 -30.75 49
-9.34 -5.79 27
-63.98 -36.66 100
-19.78 -6.68 47
-4.69 -59.41 55
72.02 -10.10 36
-17.44 -2.94 13
15.91 -15.66 82
-41.25 -26.92 69
-47.70 47.16 22
-18.89 -52.18 67
12.38 -7.09 27
-14.48 -67.77 85
50.95 -1.02 78
-3.43 -49.57 49
-19.27 -11.40 0
-37.83 -24.23 55
-43.07 47.85 29
-72.81 -0.82 54
-46.80 51.74 24
-1.79 40.08 38
67.93 -13.45 68
-8.08 2.07 7
-50.00 33.47 77
22.61 33.29 103
44.25 -17.68 58
40.14 -27.06 31
-4.01 -58.47 55
16.22 -11.09 101
27.92 -12.83 32
-11.90 -4.67 13
-34.46 65.28 102
-53.04 -27.48 8
31.15 57.36 4
-34.53 21.70 14
50.77 -11.12 89
19.44 -29.02 14
-44.91 23.82 14
51.09 9.21 36
-13.74 -64.00 85
86.23 -4.81 50
-8.77 10.89 99
-7.57 15.25 71
-51.11 -23.91 22
-4.87 44.92 67
-16.89 -60.05 69
-7.59 53.51 13
25.14 -61.81 105
-70.86 -6.04 2
73.75 -20.57 8
28.50 -15.42 57
-58.35 -26.78 5
35.73 51.63 30
25.06 -24.23 27
71.92 -25.81 81
31.60 63.86 14
35.88 -17.38 23
34.33 34.20 30
10.56 -21.04 70
33.58 -64.75 1
-3.76 -47.74 27
51.39 -3.95 1
-3.47 35.84 52
-48.31 21.67 9
33.14 62.91 4
32.51 -22.60 4
25.81 -65.13 4
28.23 53.78 30
74.93 -19.46 1
-44.46 27.65 51
-12.45 2.48 38
33.40 30.83 18
-65.62 -34.17 100
27.50 -7.40 19
27.37 36.03 63
24.92 -25.39 23
-35.23 19.52 36
-62.76 -23.42 76
-46.78 8.41 0
76.14 -17.50 79
-25.14 61.80 45
47.43 -10.92 89
-49.31 43.98 97
41.16 46.94 7
21.44 -7.27 8
43.47 -62.31 15
18.50 -32.06 14
56.67 6.62 87
-32.82 68.67 56
54.60 10.30 70
-20.97 -9.24 91
22.70 -6.17 8
-7.62 -52.57 49
78.20 -15.78 79
-53.33 34.15 71
-9.37 17.33 71
-38.83 12.65 96
-30.24 65.87 98
-47.86 16.94 1
51.67 2.59 78
14.98 -9.29 101
12.36 -12.50 41
-84.15 0.73 2
9.75 -13.28 10
26.75 -16.23 57
24.54 -69.48 4
34.85 -10.99 34
-47.10 29.93 93
-79.63 -1.72 10
34.83 -18.87 23
-77.53 -1.75 10
-44.41 50.57 24
-49.92 25.75 4
19.53 30.36 17
-18.54 -14.55 0
-32.70 58.83 95
79.44 -6.97 27
27.74 -30.41 49
43.25 -16.60 58
75.06 -7.31 86
-9.65 -56.08 39
30.45 -2.63 19
68.48 -13.82 72
-57.17 -25.28 47
-49.58 49.54 22
-76.67 -6.96 39
-50.34 -25.14 31
-28.39 -21.85 22
-0.09 40.77 45
27.38 38.81 63
28.41 42.70 6
-75.85 0.50 15
50.25 -9.15 89
-12.08 -56.85 62
1.43 44.70 25
38.42 -23.45 15
-34.66 66.17 102
-55.45 -24.23 8
-50.70 38.74 73
-4.92 39.87 67
39.48 -59.21 21
27.28 -60.63 105
40.05 -25.90 31
-9.88 19.38 6
-52.20 49.80 11
10.63 16.74 27
-36.36 -19.91 0
-77.25 1.24 15
-21.26 -65.23 61
-41.01 -29.73 69
-6.99 20.98 74
12.75 -11.58 101
-70.24 -4.93 2
17.26 24.95 9
30.80 34.04 15
18.08 -29.24 14
83.99 -5.85 50
78.50 -19.50 21
19.48 -14.22 82
25.51 -29.50 11
-12.01 -64.69 2
39.63 65.54 94
35.60 -27.64 55
-5.66 41.07 67
35.86 57.68 4
-34.32 18.23 36
-15.64 -59.83 75
37.12 -64.02 1
-4.33 43.81 67
-32.63 21.78 14
31.90 3.85 76
-7.44 48.37 104
31.88 -23.97 4
25.37 35.03 103
37.44 -61.76 7
-44.62 -25.52 62
40.95 34.76 38
23.19 -11.60 4
32.32 54.56 61
-44.83 29.69 93
30.64 29.84 18
79.58 -4.25 27
-46.65 -25.65 62
-42.77 45.38 29
63.26 0.60 63
-4.71 -52.75 49
-74.31 -3.42 2
-49.68 26.88 4
-11.38 -60.84 39
12.21 24.79 18
-52.04 48.65 2
32.94 39.64 35
-35.67 -24.28 55
-24.97 65.84 30
20.29 -19.95 54
-2.59 40.10 38
-48.36 34.97 77
28.60 45.88 6
15.13 18.30 9
27.93 -66.55 4
-19.99 -14.27 0
-33.60 -16.62 35
-41.27 -29.84 69
22.82 -32.95 11
72.92 -13.39 9
-48.43 25.03 4
17.99 23.28 9
-0.88 -46.75 27
30.98 38.68 15
-4.82 38.55 52
35.96 -24.65 4
-67.72 2.76 77
-57.68 -25.86 30
77.62 -13.58 79
77.18 -26.67 41
-49.70 12.46 1
-14.46 -57.30 62
75.37 -24.04 8
35.07 -61.69 1
26.62 39.02 63
-8.07 -2.17 11
-32.42 62.48 102
83.70 -7.05 50
54.97 14.10 8
26.34 -60.32 105
-12.12 -2.46 13
-5.69 4.75 7
75.28 -22.26 8
-9.64 -57.64 39
26.90 -32.50 11
-19.91 -68.23 61
-1.38 -54.33 78
-10.64 -4.98 15
72.27 -23.59 81
63.95 -1.44 63
54.70 10.18 70
1.60 -51.36 36
48.62 -8.14 89
-72.81 -4.32 2
-24.04 64.37 45
40.60 62.44 88
19.02 28.54 46
37.54 -63.67 1
36.20 -13.82 34
-2.52 37.32 52
26.61 -25.06 60
-47.71 48.31 22
-36.99 37.00 43
33.62 29.89 18
15.77 -19.44 79
21.55 -23.13 26
-14.24 -6.92 1
-42.84 21.02 80
2.49 13.10 6
32.01 32.73 30
-14.63 -7.79 1
36.90 39.68 5
-49.82 43.38 97
-46.72 47.58 22
-14.42 -65.10 85
76.52 -20.22 21
-40.87 -24.21 29
29.68 -6.14 19
13.90 -17.30 81
30.56 -23.75 60
-5.03 -51.62 49
-49.54 14.30 1
37.94 51.12 10
74.37 -14.34 79
-45.89 18.21 24
31.46 40.14 35
77.59 -11.98 79
8.29 14.40 6
-29.51 -28.15 82
-53.28 -28.88 8
52.40 9.34 16
-31.39 -25.93 83
-62.65 -29.83 43
-34.48 -23.77 34
-13.19 -61.79 43
-21.90 -63.95 61
-50.50 18.41 1
-34.75 -19.56 35
19.54 25.09 9
69.13 -14.64 8
63.24 0.08 63
-34.75 -25.56 55
27.29 -33.48 33
48.49 0.21 78
-35.70 -24.56 55
51.78 -9.17 89
-31.46 -19.80 35
8.02 -9.18 32
-35.90 19.73 84
-33.20 -19.74 35
-10.64 40.13 90
-44.54 9.04 53
-62.64 -35.35 100
60.13 4.88 46
-7.62 7.32 99
-35.55 35.45 43
-49.28 53.93 45
-10.46 -55.15 62
-3.44 36.18 52
35.60 65.22 94
-52.13 34.86 85
-6.81 -55.78 55
27.77 -25.03 60
-13.25 -64.50 85
-42.54 35.04 20
-7.37 50.44 8
-41.71 29.68 93
-32.62 16.38 36
15.02 27.08 18
-46.30 42.93 92
-75.47 -3.88 2
6.14 48.41 76
-46.93 26.95 4
-5.78 51.02 8
-42.47 37.89 6
39.45 67.21 94
-14.85 -60.11 43
25.02 -66.23 4
32.49 63.76 14
39.21 68.09 94
-23.33 -8.56 91
36.63 61.68 72
-11.56 -59.23 39
75.93 -9.26 86
38.52 -22.47 15
37.66 -58.35 5
-25.70 -20.41 22
34.13 -58.12 75
31.27 -25.86 60
35.82 65.71 94
-45.11 -29.14 62
-46.03 43.30 92
-67.56 -9.49 86
-9.15 -50.87 0
-37.18 36.68 43
-4.38 30.74 77
11.59 -13.17 41
-33.10 20.17 36
-3.31 36.27 52
33.68 47.64 84
-13.79 -57.80 62
4.27 16.85 20
-11.79 -61.39 43
3.91 49.98 47
-10.96 -59.74 39
36.11 -15.99 34
-20.87 -12.13 91
-72.62 0.32 54
34.00 48.36 42
42.98 -23.17 17
52.09 12.77 36
29.29 -66.86 23
58.57 11.61 59
-58.44 -30.03 43
50.58 -12.45 89
-16.62 -58.31 81
28.29 53.88 30
-50.20 -22.88 31
32.27 46.10 84
44.73 -56.77 43
-15.71 -67.90 85
42.94 50.81 87
-48.36 -31.41 28
-29.08 -17.12 35
50.40 -9.32 89
21.00 25.52 46
-39.30 -21.80 29
-52.15 30.42 22
34.24 -53.59 75
-29.09 -21.77 22
-43.59 34.62 93
23.93 -34.77 18
-45.97 26.08 4
35.34 -62.47 1
-23.14 -15.44 54
9.76 16.88 27
43.52 -62.43 15
38.75 -15.72 52
-9.38 0.68 7
75.34 -14.89 79
-30.22 68.40 56
-16.93 -61.19 88
-61.00 -26.14 2
12.70 20.05 28
-7.20 5.87 7
-12.39 -58.92 43
-41.01 -28.45 69
-3.78 -58.14 55
29.95 -9.09 19
-73.38 -6.28 2
22.39 -72.76 34
-53.64 17.24 1
44.13 -17.44 58
3.07 -0.84 89
-14.23 -16.07 90
-29.95 71.05 56
-77.68 -7.44 39
17.85 -31.61 14
-38.95 30.02 17
-15.43 -67.06 85
-31.31 -24.93 91
36.93 53.80 30
-44.35 31.12 93
-6.19 -58.95 39
40.82 -19.34 17
-35.37 64.08 102
-17.69 -11.51 0
19.45 22.45 9
-15.22 -57.70 81
-46.54 18.50 6
-29.24 -17.83 35
61.45 10.07 2
25.54 -66.38 4
12.69 23.78 18
-38.41 28.76 17
25.63 44.77 11
27.37 37.38 63
-40.89 40.96 6
81.41 -6.49 50
41.48 -14.16 60
-53.64 17.32 1
-48.37 26.02 4
14.75 27.17 18
24.89 -28.09 11
-8.03 -57.23 39
-59.12 -23.19 76
-44.64 39.32 22
32.43 56.04 92
-7.22 19.07 6
-23.00 -13.44 91
-71.61 0.39 54
-73.83 -0.85 15
-26.91 -18.90 22
35.69 -19.15 23
-73.90 -4.94 2
8.90 -15.64 92
72.56 -28.48 8
-40.01 30.24 51
-83.44 -1.39 2
-29.58 -21.74 22
53.95 11.71 36
-35.44 35.35 43
28.11 40.92 11
39.63 46.04 7
-18.43 -62.18 61
63.06 0.00 63
-15.88 -9.60 1
74.24 -21.85 8
29.47 39.13 15
27.18 52.09 30
-6.14 35.77 52
76.39 -18.09 79
9.80 14.33 27
28.52 25.23 46
-50.20 -26.96 31
9.43 15.07 27
-5.52 -55.20 1
75.98 -28.42 41
23.82 -6.01 8
-32.62 -28.29 93
-2.92 40.58 38
-40.12 -14.63 20
43.18 -60.85 15
82.43 -5.21 50
41.19 -13.81 60
15.71 16.11 94
-46.31 46.30 22
9.44 -12.21 10
37.28 -26.98 31
35.66 -54.19 75
76.78 -14.20 79
-7.01 19.91 95
-46.29 34.33 77
35.56 42.01 84
-8.72 4.75 7
-19.10 -9.39 0
27.98 53.92 30
-32.78 23.27 14
-4.31 35.83 52
59.81 12.76 59
-3.75 -50.37 49
-42.50 14.42 53
16.48 -16.29 82
-0.74 37.46 75
-42.26 -23.64 14
-29.45 63.26 98
24.10 26.91 46
43.35 60.46 88
17.79 -7.53 65
-44.42 38.95 22
-82.80 0.13 2
-47.37 40.37 92
-18.07 -3.32 47
33.12 5.48 96
-13.57 -58.11 43
27.45 -17.29 57
-45.47 10.50 53
22.45 32.72 103
53.96 12.77 36
40.22 -23.84 17
35.03 38.13 32
-3.08 39.18 38
36.91 -15.72 34
-32.84 -3.97 97
12.93 18.92 28
-3.64 -46.81 27
-48.77 53.30 45
12.16 23.78 18
54.22 15.38 39
-0.29 -45.72 27
19.55 -16.77 82
-51.20 15.06 1
-82.49 -0.29 2
36.58 47.35 84
72.49 -28.37 8
36.69 56.12 98
-28.92 -27.10 99
37.56 -54.65 5
16.75 26.35 9
49.02 -1.92 78
-2.22 -49.70 49
21.96 -73.31 34
15.32 19.72 9
-12.96 -67.03 85
-20.00 -15.44 0
14.14 19.24 21
24.04 -28.11 11
-41.25 39.14 6
27.34 29.16 9
37.07 60.83 48
32.09 52.88 61
10.50 23.15 18
-19.15 -66.64 85
-14.85 -67.93 85
-33.12 62.92 102
-19.09 -9.54 0
-51.12 -24.88 31
-8.73 14.44 71
45.38 -9.24 60
59.53 9.62 83
8.29 15.47 20
3.32 12.78 6
35.00 -53.54 75
24.24 -15.53 4
-27.59 59.86 91
40.19 34.47 21
-23.48 -10.22 91
-18.46 -11.45 0
-17.03 -0.81 50
74.58 -23.92 8
18.66 31.09 21
-7.29 42.89 67
-15.39 -11.21 0
21.93 -7.79 8
12.67 17.02 100
-60.43 -31.11 43
-3.33 -51.68 49
42.29 -10.51 68
39.19 -25.95 31
-44.78 11.99 53
80.92 -3.14 50
28.76 -11.38 32
-77.19 -3.39 10
38.69 -27.53 31
-6.00 40.07 67
49.94 -3.08 1
21.93 29.48 46
-49.11 35.87 77
-77.38 -2.75 10
33.97 -8.52 13
34.40 -13.80 34
53.01 7.23 70
39.95 -16.97 52
-52.29 20.72 21
24.13 27.93 46
21.17 -6.79 8
-32.44 21.09 14
34.99 -8.64 13
60.23 4.11 46
-40.62 -18.93 57
-51.33 -21.60 22
-42.01 -27.09 69
20.23 -30.26 14
-5.82 34.76 52
-10.97 15.49 71
7.06 13.14 6
-9.39 -59.05 39
61.95 0.48 63
72.61 -28.66 8
-48.47 16.81 1
17.48 -26.10 101
77.42 -20.54 21
40.74 -62.74 7
31.44 38.60 15
4.66 -2.29 63
-30.95 68.47 56
-61.32 -36.00 100
-8.44 50.24 104
79.27 -16.11 79
10.07 15.64 27
-63.62 -20.29 76
36.73 54.32 30
26.96 51.26 30
27.21 39.25 63
-33.04 24.74 14
-40.66 44.52 21
36.60 -9.19 13
-38.74 30.16 17
31.92 -3.95 19
-8.10 53.73 13
-7.45 -1.04 11
27.43 40.05 63
-39.94 9.69 96
-7.60 19.52 6
24.54 24.27 46
11.08 -13.30 41
28.58 -29.94 49
20.87 -10.38 32
-50.78 21.86 9
-31.76 -22.13 102
30.83 -8.64 13
32.29 57.25 4
1.57 46.25 103
-56.70 -30.14 1
28.49 32.32 9
-59.78 -38.39 80
-37.56 -24.60 55
18.82 -6.81 65
-36.39 52.60 31
32.66 -6.46 13
-5.28 41.80 67
-29.68 -16.80 35
27.39 -12.89 32
-29.61 -22.36 22
82.56 -8.64 6
-10.41 17.82 6
-47.20 25.16 4
39.41 -23.71 17
76.83 -22.53 35
52.27 13.62 36
13.80 -9.18 101
17.44 -8.18 101
29.80 49.63 30
-41.71 -18.99 57
-78.93 0.83 15
-53.06 35.40 -1
-52.00 29.86 22
-14.93 -69.19 85
40.88 -59.69 15
32.44 29.45 18
-67.89 2.63 104
-6.49 34.91 52
-5.44 49.22 38
-6.35 8.16 99
21.25 -17.53 82
26.83 40.08 63
73.72 -26.64 41
39.88 66.85 94
35.67 48.48 10
-39.15 -19.68 29
-44.74 25.66 51
-37.67 30.53 17
80.73 -1.05 105
-39.24 30.75 17
34.21 41.60 84
50.78 -6.85 1
-39.67 44.05 58
-48.85 -23.55 31
-48.12 25.29 4
-46.94 16.01 15
29.04 35.99 63
32.89 -25.09 4
30.77 28.19 18
27.17 -59.16 105
3.61 13.65 6
36.72 52.89 30
37.70 -14.23 34
76.20 -21.03 21
-33.84 61.27 102
-45.65 39.40 22
-18.07 -52.63 71
63.18 -0.09 63
-9.66 0.53 7
-38.90 12.60 96
-48.13 20.29 6
-8.05 -60.73 39
28.24 51.21 30
-17.02 -68.98 85
-69.51 -4.98 22
-16.50 -10.19 0
-51.03 29.45 4
84.66 -4.59 50
42.90 -63.16 15
-43.82 38.76 6
78.48 -13.50 79
78.99 -19.35 21
36.73 -12.30 34
26.34 27.36 9
-29.16 -18.52 35
-16.23 -11.35 0
78.35 -24.23 41
-8.45 -54.16 0
-32.55 63.27 102
18.75 -34.20 2
-8.46 44.33 104
28.60 43.32 6
54.95 12.73 59
36.98 -12.06 34
-36.94 -23.09 55
30.61 32.21 30
-74.85 -4.75 39
-40.08 43.62 6
-44.32 29.33 93
12.55 19.57 28
33.11 62.76 4
36.03 -62.04 1
10.68 16.49 27
-26.64 67.47 30
6.67 15.44 20
55.31 3.81 87
-6.09 17.41 71
43.36 -61.49 15
59.78 12.47 59
60.05 3.64 46
19.89 -16.90 82
-48.64 25.76 4
-1.46 37.92 38
11.90 -14.94 10
50.89 -1.77 78
-36.71 51.01 31
-10.01 41.15 90
-9.44 -63.81 45
55.91 5.30 87
70.11 -27.22 81
41.21 34.61 38
37.25 66.92 94
17.22 26.75 9
37.67 -59.30 5
-7.95 12.09 99
-25.13 -19.68 22
-30.77 65.34 102
34.80 45.65 84
35.43 51.45 30
37.01 64.64 94
-21.40 -16.63 54
79.73 -12.65 23
-30.13 69.07 56
-41.59 -21.53 29
-3.98 13.92 37
52.72 -2.55 22
42.08 -15.29 58
-49.15 -34.43 28
-47.19 37.05 38
-48.53 -31.24 28
32.69 -19.89 23
-5.75 3.06 7
-45.24 -29.09 62
-68.61 -3.36 22
-82.49 -0.45 2
2.51 10.83 12
24.35 -34.30 18
74.63 -19.53 1
-37.76 15.99 96
-5.49 -57.39 55
34.29 56.44 4
-50.39 32.20 77
-65.44 -30.45 40
-20.95 -8.43 91
51.90 -9.19 89
26.65 -65.79 4
27.06 -58.94 105
26.19 -67.79 4
20.26 -6.76 65
-24.54 -13.94 91
-38.35 51.27 11
-11.61 -3.76 13
83.65 -6.92 50
-30.63 68.60 56
-51.66 -28.65 8
13.95 -7.89 101
27.87 32.93 9
19.97 -29.07 14
25.00 -23.80 27
-0.86 47.93 23
22.44 -7.25 8
33.68 66.07 72
-39.17 -13.46 20
-8.83 15.99 71
-16.54 -65.54 85
-44.18 -28.44 69
-32.31 58.86 95
-48.83 27.69 4
-51.43 20.01 6
-39.93 11.43 96
-10.96 -58.14 39
39.39 67.09 94
20.42 -18.51 54
34.67 -13.84 34
20.90 -6.51 64
17.57 -8.20 101
26.04 -62.73 105
-51.58 45.06 97
32.04 -62.06 4
27.74 45.06 11
16.79 -11.96 101
76.04 -23.01 35
-1.73 -47.81 27
-39.37 49.26 29
-65.44 -30.42 40
-31.77 24.07 14
-1.71 40.30 38
6.80 -12.92 92
-34.76 -23.47 34
-32.76 21.43 14
25.37 -64.63 4
-57.11 -34.45 1
78.42 -7.83 86
-13.08 -6.90 1
-9.79 41.34 90
6.62 48.36 76
-49.55 -26.78 31
-8.44 14.25 71
-48.61 49.98 22
-26.07 62.42 30
14.67 26.93 18
0.38 39.82 45
78.13 -13.80 79
29.37 -12.22 32
44.84 -3.11 23
-46.82 35.74 77
-6.60 47.40 104
-30.68 24.30 14
72.50 -11.31 36
-20.55 -10.76 91
39.67 -8.99 68
-12.59 -54.50 62
-39.19 -23.30 29
-45.89 42.91 92
-8.14 13.18 99
-14.08 -3.85 1
-49.09 13.91 1
18.94 30.72 17
48.57 -6.61 1
-15.03 -8.60 1
3.48 40.05 25
-60.90 -25.20 76
-1.57 35.28 77
39.63 -24.21 17
-44.44 50.25 29
11.26 16.99 27
-46.28 42.82 92
-44.45 15.49 53
24.87 -69.05 4
-39.73 -29.41 69
18.05 19.89 9
-7.02 41.30 67
-59.87 -26.22 2
-42.08 32.22 93
-8.41 15.64 71
-23.77 -19.88 -1
-15.52 -64.20 85
45.26 -3.14 23
35.25 49.72 10
-36.26 54.12 31
-49.01 -30.76 28
-39.93 34.17 43
27.27 -16.64 57
21.51 -73.17 34
-47.64 -32.69 28
-41.72 28.64 51
48.76 -9.87 89
64.02 -1.55 63
14.60 19.28 9
37.41 -23.69 4
-22.58 -64.23 61
42.51 45.02 7
39.83 -11.27 68
-58.56 -33.47 1
-45.52 20.64 9
-5.33 41.01 67
-49.93 -26.14 31
-83.25 -0.32 2
-62.81 -36.27 100
31.22 33.68 15
-52.48 45.97 97
-6.22 -50.98 49
30.77 -25.60 60
-8.97 19.67 6
53.34 3.82 19
21.25 30.69 103
28.79 45.63 6
47.58 -8.08 11
39.29 -12.17 68
21.42 33.45 103
77.52 -25.72 41
-36.90 -20.24 0
-4.74 38.41 52
-46.53 19.81 9
-42.93 20.45 -1
-73.04 0.42 15
78.98 -9.23 23
29.72 -24.79 60
51.71 2.29 78
-61.43 -33.24 43
35.95 48.87 10
57.96 11.86 59
-63.41 -38.51 100
74.03 -9.66 86
-46.63 9.37 0
-62.20 -29.21 43
-61.34 -27.55 43
-56.31 -34.69 1
-53.40 26.12 89
-52.66 -29.50 8
-16.29 -16.46 -1
-29.78 61.29 98
-52.56 -31.12 31
-29.18 57.49 91
-51.64 23.25 54
23.88 -9.92 32
29.81 38.89 15
34.33 59.64 4
19.47 27.59 46
8.24 16.19 20
-52.03 -30.13 31
82.02 -1.02 35
30.47 58.92 4
-7.60 50.74 8
30.69 38.07 15
-5.24 -57.35 55
-5.13 42.22 67
-65.88 -25.83 -1
36.04 56.63 -1
2.15 13.12 12
5.77 48.59 76
-27.57 59.91 91
-51.75 49.49 11
40.97 -19.14 17
21.42 -6.63 8
-59.07 -31.57 43
5.00 13.23 6
18.81 19.34 9
-39.85 50.01 29
-63.52 -37.74 100
16.09 -12.09 101
37.42 -60.13 5
-63.99 -19.18 24
-70.94 -2.37 2
35.37 -18.25 23
72.55 -26.05 81
29.62 39.10 15
40.56 -20.80 17
26.60 -64.17 61
-7.93 20.22 6
-42.74 21.25 -1
-31.16 -26.07 -1
-28.72 -23.82 -1
-46.40 23.30 9
-1.13 -54.63 -1
79.45 -19.10 21
-32.76 -24.11 34
-12.48 -9.90 27
35.99 49.09 10
38.81 61.72 48
-6.99 5.00 7
-75.03 0.31 15
31.14 45.92 6
27.52 47.07 60
-41.95 -24.52 62
0.93 47.74 47
-14.90 -64.00 85
51.88 -5.38 1
-36.97 -15.42 0
41.24 34.66 38
-24.78 65.36 45
-9.16 -1.00 11
-34.00 65.04 102
24.48 -32.24 11
14.28 19.76 21
-12.61 -58.09 43
36.99 -58.37 5
3.33 50.31 47
-45.69 -26.52 62
-24.86 66.57 30
21.37 -30.58 14
-40.81 42.17 6
-43.72 -28.59 69
-49.96 53.56 45
-34.59 -18.80 35
26.57 46.96 60
36.08 62.07 72
-44.40 25.99 51
-41.59 14.76 53
78.73 -22.11 21
13.38 -15.77 10
32.84 61.99 4
25.55 28.18 46
-42.93 -21.66 17
-35.87 64.23 102
32.22 57.04 4
-28.99 63.63 98
-37.95 -15.17 0
13.88 -7.61 101
-54.79 -26.24 8
-41.27 31.43 93
24.59 50.28 63
20.73 33.99 103
71.72 -19.20 -1
36.32 47.88 84
-12.60 37.27 90
30.24 55.79 77
-64.10 -19.57 24
-13.96 -7.77 1
-22.46 -24.46 -1
50.83 -3.04 1
27.18 36.35 63
43.05 -13.37 60
-18.84 -52.25 71
-3.58 -48.38 49
36.88 -21.25 4
77.78 -25.10 41
-72.37 0.47 54
-22.16 -24.38 -1
11.06 -21.82 -1
74.79 -28.96 -1
-8.04 12.28 99
25.15 -68.82 4
32.07 39.71 35
-51.76 -18.57 22
0.54 51.75 47
36.62 57.64 48
-41.37 30.86 93
25.90 -7.26 29
18.55 37.67 -1
8.44 16.65 20
49.12 -3.18 1
30.15 40.30 35
-52.90 50.84 45
78.52 -5.61 86
76.73 -8.60 86
-6.35 11.76 99
50.63 3.50 78
27.82 -5.98 19
37.17 -13.35 34
37.98 -25.65 31
-7.39 3.56 7
-12.31 -3.09 13
39.10 59.41 48
26.20 46.23 60
2.24 42.95 25
-1.98 39.07 38
-56.50 -25.66 8
-30.12 25.62 14
33.61 37.00 15
-48.65 13.56 15
4.96 49.59 47
-17.39 -67.22 85
36.06 -26.73 52
-57.62 -28.22 5
-19.44 -64.11 61
-64.75 -36.43 100
82.88 -7.04 50
-32.66 -19.41 35
-53.17 11.14 -1
-16.39 -6.21 1
-31.46 63.19 102
28.84 -17.09 57
-31.44 -25.96 -1
37.70 61.63 84
42.88 45.35 7
36.74 58.38 48
-39.72 27.93 51
79.96 -8.15 6
-45.78 19.79 9
-42.01 27.70 51
53.88 11.35 36
-40.58 14.24 96
76.39 -23.56 35
-45.95 41.90 92
-64.74 -33.19 100
76.38 -19.14 21
25.37 -69.08 4
56.94 12.31 59
-45.91 13.14 53
40.34 -58.91 34
-10.29 -4.58 27
27.04 -19.37 57
-38.05 30.30 17
71.44 -23.83 81
81.22 -8.93 6
-45.78 24.69 14
-52.95 27.43 22
43.12 45.07 99
-52.93 23.50 54
-31.61 22.67 14
33.48 50.82 30
84.60 -5.52 50
38.54 -57.34 5
73.84 -6.91 86
54.03 3.80 19
26.68 -67.12 4
-71.65 -0.51 54
-13.53 -61.11 43
9.53 -15.61 81
30.74 -23.74 60
-23.08 -15.41 54
21.54 -4.62 8
20.86 -72.68 34
39.46 -23.35 17
21.87 -17.33 54
35.42 -64.42 1
85.38 -2.71 50
-63.49 -31.31 43
-37.84 30.38 17
29.86 -26.29 60
-51.56 49.83 11
-47.00 38.59 38
78.09 -7.73 86
-47.08 10.79 15
2.18 43.78 25
34.43 34.86 30
48.05 -9.25 89
26.26 -21.34 57
35.75 -25.80 4
-10.64 -66.92 2
-3.67 -47.37 27
56.48 6.67 87
-8.54 17.07 71
27.06 -32.58 49
24.15 28.27 46
41.39 -57.94 43
10.51 23.33 18
9.48 -15.91 81
33.13 5.61 -1
50.32 -2.19 78
38.82 -14.19 64
9.77 15.03 27
1.07 13.49 12
30.27 -14.25 32
-29.62 66.24 56
-32.95 62.94 102
24.84 -29.43 11
37.77 -20.97 4
51.61 -5.80 1
59.82 11.48 59
41.18 -60.61 15
75.46 -28.52 -1
9.27 15.91 27
16.27 16.75 9
11.15 -9.75 41
-71.58 -0.16 54
-35.20 -19.74 0
-78.35 -0.42 15
-12.84 -56.75 62
-7.24 19.19 6
25.05 -27.91 11
-11.77 36.99 90
-15.89 -60.35 81
27.99 46.57 60
71.54 -23.42 81
-72.56 -6.76 2
-18.08 -68.65 85
16.53 -13.77 82
-33.86 -26.15 55
19.73 24.65 9
40.36 34.88 21
-40.86 -24.50 29
-28.26 -16.96 1
-17.84 -64.63 85
32.59 -2.35 72
25.19 31.59 9
-55.53 -32.93 1
46.72 -5.12 1
32.94 -8.60 13
-38.68 -25.47 55
27.29 -8.45 29
42.72 -14.87 60
-56.26 -25.77 8
19.22 -34.96 2
-45.84 41.79 92
14.30 -19.47 81
-42.02 9.09 0
-32.60 21.41 14
-48.51 29.01 4
-32.35 64.32 102
28.49 50.16 30
72.39 -27.06 81
31.00 -63.49 4
-7.50 45.61 104
-46.29 33.62 93
-6.80 44.02 104
-40.55 12.92 96
-10.00 4.32 7
32.71 64.86 72
49.54 -5.49 1
75.33 -12.86 79
-16.25 -10.60 0
-32.10 -25.57 -1
67.87 -13.62 -1
40.01 -13.47 51
3.36 -3.64 63
-30.45 -18.30 35
-54.16 -22.51 -1
-30.43 -19.42 35
27.35 -29.85 11
-14.95 -66.55 85
-42.96 10.76 53
-36.53 50.37 31
-47.17 49.70 24
-46.67 9.56 0
-39.72 -29.42 69
-13.04 37.55 90
-34.15 16.82 36
-31.93 -23.89 -1
-43.86 -31.97 69
-53.61 -21.94 22
-34.50 -22.83 34
-45.06 45.90 29
25.33 -64.48 4
-53.21 -23.90 8
-45.52 20.19 9
-52.22 48.79 2
-13.22 -56.35 62
-25.13 -13.61 91
-62.92 -22.79 76
32.81 -15.69 34
-49.12 47.29 22
-29.35 23.06 14
11.04 -15.95 81
-34.77 -24.76 55
38.99 -10.65 68
30.03 -64.55 4
-37.64 29.97 17
-60.48 -28.99 43
25.85 -68.31 4
2.68 41.58 25
-60.48 -28.38 43
-58.11 -26.81 5
25.24 -17.94 57
38.15 -65.62 1
70.06 -5.16 74
33.78 -26.94 100
-38.34 45.40 -1
-39.05 -19.52 0
21.70 -71.98 34
21.97 -28.76 14
-42.12 46.94 29
-0.16 -45.62 27
15.14 27.13 18
77.65 -18.36 21
-20.98 -8.71 91
-36.76 -15.42 0
26.69 -63.97 61
-12.06 43.50 88
28.70 39.55 63
33.47 63.31 72
-45.88 34.99 77
-42.28 33.22 93
30.25 42.18 6
-4.29 40.04 67
-77.60 0.35 15
75.92 -9.38 86
-9.74 4.49 7
34.70 -59.98 5
21.41 28.45 46
-18.30 -8.64 5
-32.95 58.00 95
-45.83 36.56 20
-6.28 6.74 9
-10.06 -3.39 16
-7.13 18.62 6
36.55 49.97 10
-32.49 16.22 36
29.38 -24.20 60
17.11 -34.48 2
-53.62 -28.46 8
28.77 52.24 30
-24.31 66.18 30
12.55 -14.07 41
30.14 47.46 6
33.74 63.14 72
-5.96 9.93 99
28.31 32.90 9
14.73 19.71 9
34.67 43.41 84
-35.55 57.79 95
-0.78 -45.28 27
-12.68 -2.73 13
55.88 12.38 59
20.65 27.05 46
-4.18 34.58 52
28.73 49.70 30
21.23 -23.17 26
-3.39 11.78 37
-38.95 13.12 96
21.34 -24.66 22
25.95 -13.18 32
-2.62 36.30 52
-39.92 9.64 96
38.69 -57.54 5
-24.97 66.61 30
-49.37 -30.44 28
-35.49 65.52 102
-1.74 -46.18 27
72.94 -11.32 36
38.06 -20.19 15
-42.53 17.20 24
-76.10 -0.40 15
-9.61 -51.40 0
-12.10 -62.61 43
72.26 -10.97 36
13.82 18.61 21
41.18 -11.33 68
50.17 -7.66 89
-48.30 -26.04 62
25.19 -67.23 4
58.90 11.82 59
-41.23 49.07 29
49.17 1.22 78
-49.25 35.76 77
-26.33 -16.64 54
32.83 -22.42 4
1.86 44.95 25
38.21 64.35 94
-34.06 64.58 102
40.57 -9.84 68
-7.80 47.33 104
-1.52 -48.60 27
-2.74 42.15 67
-31.06 22.23 14
51.62 -3.39 1
-50.99 17.14 1
0.85 52.02 47
-44.73 32.04 93
29.71 54.66 61
82.21 -4.94 50
-3.38 -55.18 -1
-48.19 40.76 92
19.20 -29.94 14
20.17 -18.90 54
9.28 -14.69 92
-59.73 -34.74 1
39.36 -54.90 34
-15.02 -65.61 85
-17.28 -1.65 50
-64.65 -33.63 100
-19.14 -51.96 71
6.05 15.90 20
25.29 -28.75 11
-1.24 9.22 12
71.81 -8.19 36
-54.68 45.88 97
-3.64 43.44 67
37.78 44.87 84
-35.29 -20.19 41
-31.51 -21.44 35
33.03 34.81 15
-7.53 18.25 6
34.42 49.36 47
22.39 31.25 103
58.79 12.06 59
12.65 -14.27 41
-48.97 45.14 92
-9.64 42.23 67
77.30 -15.90 79
-29.38 68.08 56
38.07 -61.83 7
-22.50 -10.71 91
-63.21 -22.64 76
-55.29 -29.00 5
-7.59 5.31 7
-50.69 53.80 45
-6.76 19.53 -1
63.46 0.43 63
38.72 -12.43 51
-32.48 -16.08 35
31.24 53.20 30
35.32 -53.84 75
33.43 43.28 84
38.45 52.78 30
78.36 -18.54 21
-83.10 -0.27 2
-43.66 38.62 6
29.17 36.04 63
19.04 -8.37 65
-46.04 35.71 77
-15.62 -4.16 1
24.25 -69.91 4
74.98 -22.53 8
-18.97 -65.83 85
-81.87 0.36 2
-17.25 -64.28 85
29.38 -6.67 19
22.77 30.51 103
-63.34 -28.96 43
-7.98 15.19 71
-6.64 48.06 104
23.06 30.96 103
54.38 4.69 87
83.65 -4.35 50
-51.60 28.94 4
37.98 -26.30 31
35.59 36.02 32
-7.01 1.18 7
-7.68 51.15 8
-47.32 18.46 6
74.46 -26.60 41
-19.15 -14.42 0
20.44 25.03 46
-37.08 -19.00 0
39.89 -59.29 15
-1.20 9.26 12
-48.15 16.89 1
2.77 41.51 25
-24.48 -19.15 54
4.71 16.06 20
-71.54 -2.23 2
41.71 -13.89 60
-16.63 -59.57 81
38.06 47.39 7
79.33 -13.45 79
34.45 -23.64 4
-1.98 -48.51 27
33.86 50.94 30
8.40 12.54 6
-13.45 -62.12 43
-30.34 61.43 98
72.44 -19.24 1
-39.90 17.07 33
3.35 16.20 20
82.00 -5.04 50
49.27 -7.16 1
-59.23 -36.16 3
40.46 -62.14 7
41.19 -11.37 68
77.53 -16.90 79
-44.31 -28.96 69
-51.63 30.81 22
84.63 -0.96 35
31.10 34.78 15
27.64 -12.43 32
36.37 46.29 84
2.92 41.46 25
-13.97 -68.19 85
-58.17 -29.77 43
-76.71 -2.11 15
-81.04 -0.46 2
2.11 0.61 -1
22.65 24.16 31
17.99 -11.27 65
-49.78 30.18 77
-7.15 4.55 7
-34.36 -17.28 35
-13.21 -57.31 62
35.70 -13.88 34
27.81 -68.06 4
-78.44 -5.23 39
70.84 -4.37 74
-24.10 64.57 45
-8.59 45.22 104
33.77 44.46 84
-49.64 11.93 9
-34.64 65.34 102
-7.95 19.21 6
40.26 -12.89 60
-57.47 -26.58 5
-16.83 -8.46 1
-7.29 15.98 71
34.37 -14.29 34
-34.98 64.89 102
-8.61 47.42 104
-25.04 64.52 45
39.43 32.94 21
-42.64 44.27 21
51.26 1.50 78
43.34 44.26 99
30.66 34.50 15
-7.28 -51.11 49
48.98 -12.45 89
-74.66 -2.97 2
33.31 49.21 42
-19.72 -14.26 0
-42.80 14.04 53
34.64 50.05 30
-47.06 33.99 77
-39.36 -25.32 55
-29.59 -28.25 -1
-6.15 -54.50 49
20.75 -11.42 10
30.16 -2.52 19
-12.99 -58.27 43
14.90 15.62 -1
4.43 14.73 20
27.94 49.71 30
2.91 42.15 25
52.70 13.48 36
-1.47 -54.25 -1
-46.90 48.28 22
32.55 48.82 42
-64.31 -21.55 76
26.36 50.20 30
42.72 -60.58 15
-30.57 -20.12 35
26.69 -18.20 57
-28.16 -24.09 -1
13.73 19.24 21
23.00 27.46 46
25.95 -16.47 57
23.42 -33.66 11
34.67 64.27 72
-9.41 -61.87 39
-43.22 10.07 53
-11.16 -52.32 0
17.81 -10.24 101
-40.81 -21.00 29
71.32 -12.02 0
-12.56 -8.16 1
34.25 41.87 84
-65.25 -29.99 40
-46.26 35.07 77
-25.79 64.72 30
-78.89 -1.04 15
-5.68 36.49 52
-12.43 -60.87 43
73.74 -8.26 86
25.94 -59.76 105
-12.98 -54.92 62
30.81 -8.84 13
36.90 52.46 30
-59.01 -30.02 43
-51.23 24.36 4
39.29 67.28 94
10.55 -21.20 -1
29.91 -6.38 19
26.26 -63.53 105
29.08 -19.06 57
25.15 -13.03 32
-42.59 34.98 20
74.00 -20.02 1
-41.27 44.41 21
-7.52 51.41 8
-78.65 1.21 15
-51.03 46.94 97
81.75 -5.09 50
-47.40 17.11 6
32.94 4.74 -1
-5.87 4.73 7
-4.96 36.21 52
-41.84 -30.76 69
-73.86 -4.08 2
-43.37 38.59 6
74.52 -25.18 8
-17.56 -66.19 85
-72.16 -3.89 2
19.62 -25.66 22
-29.38 -21.17 22
4.47 50.61 47
-35.68 27.80 52
10.26 15.49 27
77.51 -6.97 86
-43.69 25.08 51
5.81 16.39 20
40.90 -62.15 7
-9.35 -0.78 11
31.89 3.84 -1
39.97 -62.26 7
-60.26 -31.36 43
-25.46 63.61 30
40.86 -57.63 34
26.05 -64.34 61
-28.36 -17.79 35
31.63 50.95 30
40.96 -61.43 7
32.79 48.52 42
-52.10 -26.37 8
18.66 -5.77 65
34.25 -25.15 4
28.79 38.61 63
-58.87 -34.88 1
34.60 -53.81 75
-8.67 -60.40 39
-31.16 65.08 102
-47.69 -33.89 28
22.85 -24.84 22
-65.87 -25.83 -1
1.97 44.45 25
31.33 -8.69 13
76.80 -24.88 41
-48.18 -25.95 62
-40.08 45.78 29
-36.23 51.47 31
-48.23 17.79 1
36.42 62.94 72
-20.42 -3.46 90
19.97 22.43 9
36.09 -14.15 34
45.32 -2.59 23
43.11 -13.62 60
-1.46 37.88 38
-24.32 -13.69 91
37.30 -21.33 4
-12.85 -5.32 1
-72.69 -2.54 2
32.33 62.31 4
77.25 -22.16 21
-46.15 16.93 6
26.10 32.51 9
-48.08 42.31 92
33.95 64.35 72
72.45 -23.46 81
-41.62 13.35 66
44.01 -61.94 15
7.81 -12.73 92
29.02 -4.70 19
-42.77 44.41 29
-4.88 -59.73 55
-50.25 -22.13 22
61.47 8.96 2
-30.70 62.12 98
20.44 -30.47 14
-60.66 -38.18 80
27.09 -31.48 11
19.14 -16.60 82
-10.56 40.08 90
-6.68 35.18 52
82.46 -4.00 50
35.92 -24.61 4
-7.45 49.01 104
26.47 -30.75 11
-35.16 -23.51 34
-45.40 13.48 53
43.53 -58.54 43
-9.96 -4.81 27
49.34 5.59 -1
77.71 -18.32 21
-48.70 11.39 9
28.84 42.77 6
-27.66 63.06 98
-47.51 -24.97 62
-49.48 13.09 1
24.13 -33.32 11
26.56 -30.49 11
-41.77 27.93 51
-52.61 -29.66 8
-46.31 12.44 53
-15.22 1.01 49
4.01 49.20 47
21.37 25.02 46
26.97 -64.59 4
-27.87 -20.93 22
-62.16 -37.36 100
-15.02 -9.40 1
25.77 44.81 11
44.95 -12.67 60
-36.62 49.92 31
-25.09 63.22 45
54.95 12.69 59
-44.76 32.77 93
-64.33 -3.51 -1
-32.07 -16.01 35
-30.09 68.11 56
18.85 -20.14 54
32.09 -10.19 7
21.95 -72.58 34
-50.60 -25.26 31
1.09 42.55 25
-40.91 32.75 17
-43.50 43.14 6
0.12 -48.18 27
-7.19 53.76 13
22.40 -32.40 11
29.46 -11.63 32
1.11 10.47 12
-43.85 24.71 14
-58.63 -35.29 1
12.31 -13.09 41
16.60 26.66 60
-35.26 -23.77 55
-46.16 13.91 53
-34.18 65.49 102
10.87 -12.10 41
-40.66 -14.25 20
38.73 63.37 94
1.13 50.94 47
-47.71 44.37 92
11.23 24.84 18
-7.76 -63.29 45
-61.87 -38.38 80
10.05 -14.63 10
6.22 13.39 6
16.71 -9.76 101
-52.13 46.59 97
-31.82 67.38 56
-35.08 54.98 31
25.00 26.70 46
39.62 -57.62 34
-59.46 -36.21 3
-28.13 63.82 98
-45.47 49.57 24
26.92 -13.19 32
-24.93 63.81 45
59.48 8.44 87
-21.21 -13.69 91
-20.06 -68.44 61
27.05 -5.76 19
-77.22 0.13 15
-2.95 -54.95 -1
-30.81 64.48 102
22.53 -72.48 34
35.48 53.35 30
76.58 -16.85 79
49.43 -3.03 1
-19.00 -13.45 0
-14.15 -60.80 43
-13.61 -6.37 1
-16.83 -11.90 0
-11.37 -2.96 13
18.18 24.51 9
72.98 -6.64 86
31.79 53.27 61
26.49 32.58 9
-45.62 23.01 9
-74.13 -1.70 2
-61.60 -33.65 43
-30.14 -18.77 35
-43.48 42.30 6
39.58 61.62 48
40.05 58.58 48
39.92 -53.44 78
-56.49 -26.00 8
-7.85 2.40 7
24.91 34.35 103
-6.81 8.98 99
37.59 49.22 10
-21.54 -12.28 91
39.31 32.57 21
-0.74 43.47 -1
-40.32 -13.90 20
-78.09 -6.50 39
-5.86 -58.57 39
-6.46 45.20 104
-62.31 -34.54 100
-62.80 -18.49 24
78.45 -12.31 79
32.99 -21.93 4
-15.04 -8.38 1
38.71 -54.71 34
68.13 -14.18 -1
-6.35 44.73 104
70.39 -24.31 81
26.03 -22.98 60
83.75 -1.56 50
61.75 9.29 2
25.61 -9.73 32
-7.35 -52.52 49
81.09 -6.30 50
36.05 65.14 94
5.28 14.38 20
-40.58 -21.63 29
41.44 -57.61 43
-18.59 -66.82 85
76.66 -11.32 9
-46.00 32.33 93
35.99 46.53 84
40.35 -13.02 60
35.31 -9.69 13
-29.52 -20.27 35
-75.14 0.95 15
-5.53 -56.09 55
-18.79 -14.66 0
34.67 62.24 72
21.85 -72.29 34
28.03 44.78 6
-62.71 -28.57 43
-44.95 21.03 72
-29.19 57.66 91
-41.38 12.65 96
-14.35 -15.90 -1
-37.98 50.24 11
25.96 -60.06 105
27.57 43.89 11
-53.75 -24.88 8
-82.32 -0.52 2
-37.04 26.96 52
76.78 -15.86 79
84.73 -2.17 50
-21.64 -63.08 61
50.52 0.23 78
-32.65 -21.66 -1
-4.43 33.18 52
34.62 51.96 30
17.99 -32.63 14
10.34 -16.28 81
-10.49 41.17 90
-45.47 49.58 24
-24.45 63.48 45
33.20 4.79 -1
-13.94 -62.55 43
-44.27 29.41 93
63.06 0.66 63
57.14 12.12 59
58.58 9.02 87
33.41 38.21 15
-41.22 46.23 29
-47.31 15.50 15
37.37 44.33 84
22.40 33.94 103
53.36 5.03 19
48.24 -11.46 89
76.96 -21.57 21
-33.37 63.84 102
-71.77 -0.39 54
15.30 -17.59 81
14.96 -13.91 41
-6.00 38.75 67
50.86 -2.30 78
12.72 -12.66 41
-74.04 -0.86 15
26.87 37.47 63
-74.41 1.62 15
-0.18 41.04 45
41.55 -11.19 68
22.31 -28.86 14
40.01 -3.97 34
26.16 -61.00 105
35.51 56.62 -1
75.50 -10.66 9
-6.92 44.31 104
56.32 12.63 59
41.53 -8.18 68
-36.90 -16.87 22
35.83 -64.92 38
-11.40 -67.62 14
32.44 -15.31 34
34.97 -22.44 15
16.58 -11.59 101
31.31 44.40 42
-8.49 1.84 7
-42.66 31.26 93
-78.93 -0.09 15
57.86 12.31 59
-45.59 12.53 53
-9.32 -50.96 -1
75.20 -13.40 79
-78.83 -4.91 39
-32.95 62.81 102
-0.75 11.60 50
-34.39 67.70 1
-47.12 50.79 24
-27.31 63.42 98
19.39 -29.57 2
-31.13 -19.41 35
-45.50 13.10 53
31.12 -25.23 60
-43.23 52.54 24
-64.38 -3.51 -1
76.31 -17.45 79
-38.96 30.67 -1
22.89 -10.19 4
32.38 28.63 63
54.39 4.76 87
5.77 17.11 27
26.03 -15.19 57
-45.43 -30.07 8
-50.93 15.69 6
23.03 26.13 46
-54.88 -26.45 8
78.85 -17.94 21
-28.59 69.94 56
49.53 -4.43 11
53.38 13.48 36
-49.15 46.56 2
33.63 -18.08 3
-44.47 50.81 16
-9.32 3.87 7
-12.52 37.13 90
-21.82 -16.42 54
8.51 -9.49 32
-42.53 -20.29 57
30.92 29.85 18
0.67 -44.92 27
-54.44 44.42 97
-66.19 -31.38 40
32.09 47.39 6
-62.88 -36.13 100
2.35 41.81 25
74.51 -10.32 86
77.35 -4.68 86
-48.98 -33.56 5
35.85 -22.87 4
31.42 -26.40 100
-37.30 49.42 57
42.10 -56.34 43
-36.40 53.59 31
-74.94 -2.40 2
-16.09 -10.16 0
-57.38 -29.89 30
-2.61 -49.31 49
31.13 -7.11 13
33.80 44.69 84
36.08 -11.85 34
-46.11 10.13 53
18.93 23.71 31
-5.78 44.53 67
-34.35 66.32 102
25.23 -59.96 105
15.92 -2.37 15
-42.24 47.79 6
-15.35 -57.54 -1
37.80 -23.24 4
-43.01 46.04 29
38.58 -13.64 51
23.03 -33.94 33
59.96 3.53 -1
25.59 -60.65 105
75.38 -26.35 41
-28.84 63.34 98
-47.64 -24.75 62
-37.28 30.14 17
39.12 -25.87 31
-58.96 -26.90 5
14.69 -19.61 -1
-10.60 -2.78 16
32.71 -65.00 1
39.15 -5.77 34
37.03 -61.03 7
28.19 -12.73 7
-37.78 15.99 96
25.20 -5.93 8
34.65 -13.74 3
36.05 52.48 50
-33.56 21.98 14
72.39 -23.04 81
25.93 -14.52 32
28.09 40.91 11
-31.57 -18.20 41
20.92 33.60 103
-3.48 -49.84 49
71.62 -8.34 34
36.32 58.92 48
-5.85 34.93 52
61.88 9.44 2
1.41 37.65 45
-4.78 12.99 71
-6.10 46.01 104
33.60 -57.28 75
-9.40 -0.28 7
-62.60 -38.49 80
-12.96 38.06 90
-12.73 2.31 38
37.95 64.36 94
-5.49 13.88 71
-76.95 -7.19 10
27.72 -17.20 57
-1.16 -47.77 36
22.10 -23.26 26
-65.55 -30.45 40
-32.43 17.67 104
36.17 -19.21 23
-3.63 39.78 67
-50.17 31.86 77
48.98 0.81 78
51.49 -2.67 1
3.20 42.79 45
-46.01 -27.74 62
81.58 -6.96 50
-1.22 -51.99 36
-41.91 -18.67 57
-66.11 -30.87 26
39.74 -61.21 7
-39.23 49.63 11
-5.67 36.84 52
-47.45 25.91 4
13.05 -11.50 101
33.68 62.71 72
-7.14 50.45 8
1.58 -51.36 36
-30.66 67.64 56
1.39 50.43 47
-43.07 50.58 29
38.95 41.61 7
-61.58 -28.24 43
-62.85 -34.03 100
-61.06 -30.40 15
-51.79 28.09 4
22.74 -71.83 -1
-35.27 -26.20 55
12.72 17.60 -1
-37.21 34.26 -1
-36.51 63.71 102
-71.89 0.34 54
32.30 -59.02 75
55.87 8.73 87
-33.34 24.84 14
41.73 -57.51 85
-49.99 27.98 4
36.42 41.88 84
-46.47 25.61 4
-51.59 53.62 11
14.58 20.73 21
84.33 -1.57 50
22.25 27.69 17
2.62 50.24 23
39.79 58.81 -1
-46.60 34.56 77
-43.58 -23.41 62
-5.25 -51.31 1
17.59 17.07 9
54.17 13.98 36
-12.44 -55.60 62
-43.97 10.05 53
-12.69 -5.33 1
-49.32 17.52 1
-43.34 46.78 29
34.84 35.89 -1
23.89 -27.17 11
83.49 -4.77 35
37.54 -16.35 52
-30.80 -16.00 35
0.68 46.80 -1
-35.80 27.91 -1
-51.47 16.32 1
-43.50 49.33 29
-49.78 17.52 1
-42.00 27.74 14
39.13 43.97 5
29.34 -12.17 32
28.82 -8.30 19
40.37 -22.81 17
27.39 53.88 30
-5.38 35.64 34
43.42 -63.39 15
-7.70 52.40 8
19.46 -32.42 14
1.26 48.67 47
-28.33 -19.84 -1
-43.52 12.32 15
53.21 11.76 39
-56.44 -25.15 8
-46.73 18.12 6
49.41 -9.01 89
19.28 -17.95 82
-33.36 -24.44 34
11.92 23.89 18
-35.32 19.72 104
35.07 -61.20 21
25.52 -36.13 18
70.34 -22.89 81
-63.30 -33.53 100
-23.89 65.11 45
31.88 40.84 35
25.06 45.58 60
-47.33 18.51 6
-35.52 -24.57 55
-1.40 41.71 38
-41.17 50.62 29
30.58 50.45 30
-31.53 67.22 56
-50.13 -34.80 28
22.86 -31.61 11
-10.02 -1.72 11
-34.97 53.29 31
-44.98 48.51 29
80.32 -6.00 50
35.15 62.60 72
-3.83 -51.38 49
-27.13 67.96 56
-37.22 34.00 43
-3.71 12.65 37
-43.92 -22.58 14
-8.56 -59.32 45
-17.88 -5.90 1
-45.90 11.11 53
-29.00 -17.90 35
52.11 -0.39 78
15.76 19.98 9
23.98 35.84 103
-82.20 -0.38 2
53.17 13.23 36
35.92 -57.48 75
-45.44 50.63 24
-7.95 0.09 7
21.61 -27.18 14
-14.91 -67.25 85
-41.22 40.50 22
-2.69 -49.37 49
-36.74 63.35 102
22.63 -24.92 22
-37.25 -26.44 34
-30.24 68.70 42
-61.22 -26.83 2
-76.37 0.49 15
-28.44 64.60 98
36.81 -56.82 75
-78.32 -4.30 39
-27.10 68.17 56
77.40 -10.39 23
33.51 -18.04 23
21.90 33.09 103
1.78 11.02 12
-31.71 23.41 14
38.10 -65.54 1
-58.22 -25.73 30
27.49 -18.36 20
35.73 50.80 10
45.89 -3.12 52
25.84 33.16 9
25.47 -68.84 4
-42.20 -21.05 60
2.97 39.89 25
43.37 45.82 -1
-71.99 -5.93 2
-37.82 44.66 -1
-63.64 -34.11 100
-14.91 -16.01 -1
27.48 46.83 60
-56.98 -33.39 3
37.68 63.11 94
5.68 50.16 47
-36.01 -19.47 0
79.48 -11.18 33
44.07 -17.31 -1
-31.11 60.94 98
58.36 12.30 8
-5.29 15.30 71
43.22 -11.97 19
-44.61 34.53 93
-0.37 -49.80 27
-61.49 -32.35 43
-51.77 -25.21 8
32.55 38.26 15
-24.57 63.10 -1
25.89 -60.86 105
39.14 41.84 5
30.85 36.40 35
40.56 34.81 38
-36.80 -22.31 29
25.94 -66.67 4
-73.16 -4.27 2
26.89 44.02 11
-4.04 36.13 52
-62.89 -35.45 100
-44.86 -26.25 31
86.97 -2.85 35
14.77 -15.61 1
16.05 -19.39 -1
26.39 37.16 -1
22.37 26.03 46
3.52 50.09 47
-54.41 45.96 97
20.60 -32.88 2
27.95 41.87 11
-1.81 -50.32 27
-11.08 37.06 90
-45.68 30.15 93
26.72 -15.58 57
-42.73 49.44 29
31.32 42.81 6
34.10 51.77 30
60.29 12.08 59
-38.63 -22.81 -1
2.22 43.47 25
38.75 -5.75 46
6.68 -8.91 32
-26.08 65.57 23
35.51 -63.49 1
-12.50 38.67 90
20.70 -29.49 14
-51.41 33.73 77
42.66 -63.64 7
32.63 32.42 63
17.61 -5.48 65
-62.26 -24.87 76
17.50 17.10 9
-6.86 54.29 81
49.41 -9.87 89
37.82 59.21 48
17.40 -8.62 101
36.61 47.13 84
58.50 8.14 87
34.68 -60.59 5
-45.78 27.24 4
-38.98 11.11 96
-48.52 21.30 18
19.59 -6.95 65
-38.60 -26.53 55
36.58 65.25 94
16.72 -22.52 -1
-41.19 14.47 53
22.38 -6.31 8
-18.66 -11.56 0
-30.10 -16.47 35
-53.67 46.34 97
23.72 30.75 103
-40.11 -21.21 29
-9.66 39.55 90
20.94 -7.27 8
-40.05 42.39 6
-0.97 -47.94 27
15.38 -12.93 101
30.23 39.25 15
-0.44 37.29 75
-0.12 -49.89 27
76.48 -18.64 21
-77.61 3.67 15
-61.24 -21.63 76
-50.35 -21.66 -1
-6.20 42.09 14
25.89 -12.48 32
-72.98 -4.36 5
-49.72 53.97 45
81.54 -5.08 50
-37.53 53.33 31
-6.55 -56.93 39
-44.29 16.58 70
31.84 42.63 6
-63.35 -18.74 69
78.17 -8.76 86
40.91 -9.21 19
-50.08 19.48 6
27.84 53.28 30
-6.69 -56.65 39
-40.76 41.42 6
36.74 -20.36 4
-8.29 -58.34 39
-75.63 -5.66 39
51.85 -0.28 78
21.82 -10.70 10
50.60 -6.47 1
-62.87 -24.18 76
-78.22 -5.85 39
72.53 -6.77 86
-43.50 36.01 20
-13.60 -68.40 85
37.22 65.53 94
35.31 44.89 84
11.49 -9.79 101
36.46 -20.90 4
-8.66 -58.35 39
-25.10 68.11 30
36.35 46.78 84
39.59 34.68 21
-41.45 -30.16 8
32.34 28.61 18
31.16 52.07 30
23.59 -32.54 11
-46.92 10.68 15
21.41 -27.17 14
-7.84 -57.72 39
-50.80 52.67 45
-23.87 -16.38 54
32.46 61.50 4
-0.23 -54.35 -1
-28.95 64.46 98
28.86 -4.90 19
55.61 7.90 87
17.81 -14.57 82
-71.30 -2.78 2
4.47 49.88 47
-8.02 14.03 71
36.38 61.81 72
48.19 -3.72 1
-49.23 26.74 10
-48.08 32.27 77
-50.71 -20.09 22
16.45 -18.01 82
0.72 52.31 47
22.51 29.94 46
-45.72 50.84 24
20.91 -22.62 27
-7.16 -59.31 39
43.11 -63.29 15
79.00 -9.70 23
30.29 52.55 30
5.79 48.49 -1
82.12 -8.69 6
-46.38 -27.23 62
-43.67 14.50 53
32.29 43.33 84
-20.30 -12.88 91
-37.57 37.36 43
14.09 -12.92 101
81.67 -0.97 35
-44.78 -25.56 62
55.19 5.46 87
-14.06 -3.83 1
-5.99 8.87 99
-27.37 59.82 -1
-15.31 -5.20 1
-12.35 -0.71 16
20.27 29.86 46
-7.86 14.52 37
36.32 -17.36 23
38.71 -20.23 17
-59.27 -28.30 43
49.34 -7.73 89
43.48 -11.33 68
-48.44 -32.03 28
70.07 -8.22 36
-3.70 12.74 37
-43.36 38.19 6
-79.42 -1.18 15
0.81 46.46 -1
79.51 -17.67 21
35.35 47.35 84
-48.44 27.28 4
28.02 -69.11 54
38.06 48.24 50
55.70 8.27 87
-11.82 -7.22 1
6.32 -12.35 32
-55.82 -24.23 8
-7.40 44.55 104
-10.41 -8.02 31
73.29 -22.35 8
-5.21 15.03 71
8.20 15.57 20
-41.96 38.89 6
34.55 45.04 84
36.16 65.07 94
-48.65 -20.53 17
-69.09 -3.35 -1
12.78 -12.60 41
-12.51 -9.33 27
-23.83 -17.25 54
10.77 -15.09 10
25.78 47.33 60
82.56 -8.61 63
-46.56 -28.02 62
45.09 -10.58 60
32.78 -57.11 75
-3.76 39.76 67
37.31 51.38 10
33.76 -8.17 15
-1.49 9.63 12
70.95 -3.47 74
85.82 -5.53 50
-21.12 -12.11 91
59.00 12.53 59
79.02 -10.25 23
9.56 -14.77 92
-10.63 40.98 90
40.70 49.15 10
-44.08 9.60 53
-82.67 -1.93 2
30.75 62.42 14
-6.10 39.05 67
70.73 -3.00 73
75.94 -24.96 48
-43.18 43.96 21
-32.72 -21.61 -1
-40.19 11.17 96
33.41 63.87 72
-58.17 -23.83 47
79.15 -19.66 21
49.48 -4.16 1
36.53 -14.45 34
-83.97 -1.25 -1
31.71 -3.41 19
-45.59 18.01 24
-44.05 43.96 21
-35.72 55.93 95
-5.85 -57.73 39
33.67 -56.18 5
-33.30 65.13 102
35.14 -63.75 1
-38.77 43.41 58
-61.44 -21.89 2
37.09 -61.34 7
31.28 -63.24 -1
27.46 -19.95 57
71.43 -22.83 81
-55.10 -29.10 5
-0.87 -43.21 45
22.67 29.41 46
11.91 24.65 18
61.57 9.89 2
-77.56 -6.39 39
13.56 -6.78 101
40.22 -25.20 17
-20.70 -12.75 91
-44.40 -25.39 62
27.88 -33.03 -1
-45.30 -25.11 62
53.33 -1.13 78
33.96 -25.77 4
26.00 -27.83 11
-50.10 -23.98 31
-15.88 -60.01 81
-24.76 68.22 30
-46.33 35.10 77
-74.14 0.57 15
-56.75 -34.35 1
26.83 -61.72 105
-44.33 47.83 29
-14.06 -55.73 62
23.64 24.30 49
-52.26 29.40 22
73.19 -12.30 9
24.15 29.06 46
31.48 62.29 4
-47.74 53.32 11
31.01 34.28 15
26.29 -63.55 105
26.06 -18.94 57
24.27 -13.43 4
38.21 -18.98 50
23.98 -13.47 7
-48.30 33.14 33
24.07 -10.02 4
-6.72 7.95 99
-43.43 51.91 24
-23.16 -15.73 54
18.03 -16.62 82
-38.10 47.90 85
-5.56 -52.45 49
-44.45 27.48 51
59.79 11.95 59
27.01 42.44 60
7.77 -9.05 32
-7.83 49.16 104
11.69 24.03 18
-79.15 0.51 15
49.03 -8.06 89
-17.25 -0.39 50
14.52 -13.78 41
-42.84 -21.57 17
19.04 -25.72 22
50.62 1.03 31
42.71 -59.29 15
12.69 -16.40 -1
16.65 -15.11 82
-46.96 15.37 15
26.20 48.94 30
-59.66 -29.27 43
-10.07 17.65 6
31.59 59.96 4
-73.34 -1.25 2
-44.04 46.62 29
-15.22 -6.76 13
-6.00 35.64 52
41.64 -12.10 68
-8.23 -2.81 11
-42.96 38.78 6
26.37 -28.05 11
12.64 24.76 61
76.17 -14.95 9
-52.46 50.26 45
-7.58 4.54 7
-60.80 -39.51 -1
8.86 15.91 20
38.73 52.11 30
51.59 13.79 36
29.55 -7.56 19
50.61 -4.33 1
-37.09 -16.81 0
24.91 33.89 103
37.86 32.56 38
-3.68 9.92 37
-76.94 -1.16 15
70.58 -24.92 8
75.58 -11.12 9
-45.58 -24.81 62
-18.23 -60.65 -1
25.92 -26.85 -1
-48.93 12.43 35
24.76 -26.51 22
-5.71 36.19 52
17.96 19.78 21
-40.84 -22.49 29
18.63 -15.45 54
-13.75 -8.56 1
69.91 -27.19 81
57.70 8.02 87
-12.23 -61.02 45
-38.60 46.84 85
27.46 39.00 63
-43.78 40.88 6
-39.45 -17.95 0
-18.18 -12.73 5
-14.08 -67.10 85
-23.99 -16.82 54
-17.06 -1.34 50
-64.16 -36.02 100
81.70 -0.66 35
37.53 -54.66 5
37.46 -25.35 15
20.88 -24.84 22
84.62 -2.55 50
-8.40 14.58 71
35.00 44.82 42
-27.63 -13.03 1
-17.53 -5.61 1
-8.04 48.37 104
-6.33 5.65 9
37.44 -19.49 50
22.15 -28.32 14
20.83 -15.09 82
-10.28 -61.49 39
-39.89 45.80 29
-15.42 -69.68 85
36.52 -64.07 1
-15.79 -66.24 14
37.11 53.40 30
33.30 56.50 4
-51.97 30.17 22
18.03 -5.79 65
-58.47 -27.45 5
39.29 -63.65 15
-51.92 -28.50 8
-19.04 -6.92 47
-47.92 -30.59 28
30.72 -6.45 19
-73.12 -7.26 2
37.30 43.57 84
31.58 50.49 30
10.73 -21.28 -1
41.22 34.60 38
-47.22 12.18 15
-46.95 49.26 24
56.05 13.40 59
-37.73 50.06 11
33.32 64.26 72
85.97 -5.59 50
76.32 -6.61 86
-6.98 6.89 9
-8.14 -52.05 49
39.88 -56.59 34
25.77 -30.22 11
0.10 39.54 45
-16.53 -4.69 1
22.05 30.20 46
27.24 -15.06 57
37.72 43.85 84
75.54 -7.04 27
11.85 -22.52 -1
-44.07 44.49 6
-16.83 -8.83 1
-37.23 -17.01 0
51.94 0.10 78
-2.27 -48.45 27
-49.86 13.56 1
49.45 5.56 -1
-77.99 -5.72 39
-10.15 -58.20 39
43.31 60.37 88
-60.51 -26.57 2
22.13 -27.48 14
-12.90 -6.02 1
-8.14 0.21 7
16.78 -12.66 82
29.02 -66.20 23
52.28 13.47 36
20.71 -12.41 4
72.16 -14.20 9
48.10 -9.97 89
-58.33 -30.59 43
-11.89 -8.84 27
14.80 27.36 18
-80.10 -1.75 10
-10.46 19.01 -1
28.69 55.11 77
36.35 -62.49 1
56.58 6.79 83
73.10 -13.50 79
75.52 -20.71 42
34.29 43.29 84
26.05 27.24 9
22.59 26.95 46
18.32 -13.44 82
71.04 -28.50 8
-34.97 56.92 95
22.83 -16.34 4
-22.60 -14.26 91
-74.46 -5.61 39
-29.25 -13.75 35
-20.20 -59.88 -1
-75.57 -1.39 15
-38.15 43.94 -1
-24.98 65.28 45
26.40 -61.46 105
-53.58 16.53 1
33.28 45.77 84
43.34 60.52 39
-55.39 -31.18 1
-27.83 -17.04 22
8.09 -9.19 32
-47.91 46.37 22
-62.99 -18.56 24
33.60 66.10 72
-75.55 -2.08 2
38.96 -24.37 15
-43.69 -23.81 62
51.77 -4.01 1
-62.46 -33.08 100
50.14 -11.06 21
-10.91 38.45 25
76.28 -17.87 79
22.67 -13.98 4
-32.12 24.08 32
-46.22 -22.02 31
-39.86 50.11 29
-22.76 -11.07 18
37.02 64.46 94
30.88 -13.03 32
-43.71 27.25 51
-33.64 57.96 95
24.15 -30.41 99
-44.17 10.88 53
-50.19 45.61 97
-3.34 38.55 38
16.90 19.92 9
30.74 39.73 15
-49.37 30.58 77
-51.83 14.80 1
-46.26 45.73 22
40.60 -22.34 31
-49.06 -33.26 28
-43.89 47.86 29
28.64 54.62 77
-15.68 -2.49 13
17.80 23.53 9
-8.62 14.86 71
58.68 8.11 87
-14.97 -64.74 85
-43.90 14.25 53
36.43 -61.24 21
18.18 -5.81 65
23.99 37.88 63
-48.69 42.40 -1
30.68 38.97 15
-30.89 62.69 102
15.61 19.19 9
33.68 50.70 30
36.95 49.23 10
24.98 -67.24 54
-45.97 18.11 6
26.80 -65.14 4
53.82 12.57 36
-8.09 2.61 11
79.83 -11.23 23
16.23 -13.32 82
-56.68 -31.82 1
85.25 -5.37 50
33.52 -57.33 75
-41.64 44.70 29
-22.30 -64.38 61
-42.20 12.53 53
-46.59 23.59 9
38.86 -54.56 78
47.68 0.94 78
-11.28 -63.22 43
37.76 -24.83 15
16.73 20.09 9
-6.91 49.57 104
-60.61 -34.32 3
19.98 23.04 9
-46.20 47.00 22
-32.82 -4.05 -1
37.43 -5.39 34
32.45 -12.50 34
-44.44 31.30 7
53.38 13.60 36
-39.00 -13.54 20
-33.82 68.60 42
-49.35 53.57 45
-48.74 11.67 9
38.27 65.93 72
-8.53 11.54 99
-78.56 -6.65 39
78.44 -13.45 79
84.59 -3.36 50
-19.21 -10.91 0
-33.33 58.03 -1
-3.43 33.54 52
-34.70 66.44 102
27.48 53.29 30
30.09 -13.89 32
-48.96 -23.95 31
30.65 -21.61 60
45.92 -3.12 23
70.35 -28.20 81
-12.47 -62.07 43
42.00 -62.05 7
1.81 10.69 12
32.42 44.80 84
-41.35 42.59 6
28.77 50.85 61
-42.96 9.63 53
-10.74 41.00 90
-61.08 -22.76 76
-6.08 45.49 104
25.83 32.45 9
7.43 -12.81 -1
34.15 -21.59 4
-38.05 12.52 66
36.11 45.66 84
-35.07 49.94 31
17.47 -5.07 64
76.29 -11.11 9
-18.69 -10.81 0
-46.50 31.32 93
25.83 -11.23 32
-10.45 -3.97 35
73.73 -9.67 86
-52.51 44.33 2
49.44 -10.13 89
17.97 32.03 21
85.17 -5.41 50
-32.84 22.75 14
-41.08 -21.94 29
7.44 17.61 20
-24.16 -15.74 71
-6.87 9.85 99
52.65 -3.28 1
-57.23 -27.66 5
57.60 7.25 87
-30.50 62.82 30
-9.08 9.83 9
82.03 -5.86 50
-73.05 -5.24 2
6.24 13.60 6
-9.74 -59.53 39
6.81 16.00 20
71.40 -27.67 81
-52.27 45.58 97
-4.31 -57.02 55
-27.88 -13.92 1
26.06 -61.57 105
50.79 2.79 78
27.90 -64.08 4
78.29 -24.80 41
-13.82 -6.77 1
-44.43 37.16 20
-3.26 13.03 37
18.39 -32.02 14
25.57 -61.15 105
-47.15 39.82 92
-36.09 53.11 31
18.47 22.10 9
29.13 -23.15 -1
22.43 -6.19 29
-38.92 -13.52 -1
41.32 -58.95 15
13.04 -9.00 101
18.20 -17.90 82
-44.08 -25.11 62
13.06 -14.62 41
-46.39 14.33 15
-5.97 38.67 67
41.58 34.09 38
37.35 -11.35 15
-58.39 -33.56 1
76.23 -12.22 79
-72.26 -4.61 2
-48.93 44.95 92
-64.69 -35.50 12
83.65 -4.33 50
38.87 43.71 5
12.38 -9.96 101
-32.24 18.90 36
37.10 -9.19 13
51.40 -6.65 1
5.42 -9.50 50
-6.67 6.78 9
-37.12 -23.30 55
-49.52 26.30 4
-42.08 46.73 29
-1.41 -48.04 27
2.51 10.15 50
26.03 -1.33 -1
-5.17 43.08 67
-58.75 -33.59 1
61.10 8.87 2
-41.94 -17.60 57
-21.58 -63.87 61
38.79 -63.60 1
9.85 18.01 27
-7.82 51.00 8
21.34 -3.95 8
28.90 34.98 63
18.52 20.05 9
-76.79 0.51 15
-11.13 -56.39 49
-41.12 26.15 51
-51.46 51.36 45
-17.91 -52.80 -1
-16.18 -67.35 85
52.13 -3.12 1
-44.31 37.20 20
56.66 12.18 59
37.28 -53.95 78
14.84 -9.64 65
-43.70 45.50 29
-1.39 40.45 38
-47.05 52.14 24
21.50 -73.27 34
33.80 45.72 84
34.77 -26.09 15
-34.20 17.01 36
49.93 -9.69 89
-5.08 32.47 52
-37.26 -26.67 55
-61.93 -23.38 76
-57.75 -34.54 1
33.11 31.72 18
25.27 -31.07 11
-17.57 -65.94 85
-50.79 -23.03 22
21.22 28.49 46
34.25 -7.41 13
17.71 32.34 46
24.92 -23.58 27
4.73 -3.95 -1
-6.01 -63.08 -1
32.94 -65.08 1
-21.38 -12.83 91
-6.59 47.39 104
-14.74 -69.06 85
-6.92 38.88 67
2.10 43.26 25
-33.89 63.93 44
-44.81 39.49 22
-14.74 -63.14 85
22.36 33.75 46
-49.19 -26.30 31
36.78 -22.21 4
-8.58 48.05 104
-13.04 -67.12 85
39.57 -11.83 68
79.86 -7.32 6
32.00 -62.12 4
-72.92 -5.35 2
-47.37 13.22 15
-31.84 23.89 14
33.28 -21.95 4
-62.73 -28.52 43
-35.88 -23.01 29
4.60 -2.37 63
81.64 -3.10 50
22.09 31.52 103
79.17 -10.12 23
-34.76 -17.86 35
-43.76 40.52 6
1.08 52.30 47
37.57 -55.80 5
-50.10 -22.00 22
24.54 18.15 -1
-6.86 6.91 9
38.87 -58.70 5
33.20 34.08 15
-47.39 24.53 4
-8.51 46.87 38
28.40 -16.66 57
-10.22 1.35 7
59.82 10.34 83
-51.38 20.99 9
62.10 0.09 -1
35.17 -54.20 75
-20.06 -11.00 91
4.23 40.01 25
-42.53 17.67 24
39.29 -10.69 68
19.39 -32.06 14
26.94 -60.21 61
39.49 44.86 5
-72.96 -2.25 2
25.95 -68.82 4
81.83 -5.68 50
52.39 3.13 78
46.42 -3.09 1
-13.98 -4.91 1
25.65 -69.24 4
33.06 59.66 37
-24.18 -9.99 91
-19.84 -65.29 -1
-8.48 -62.01 39
37.37 44.12 84
37.41 -57.77 5
11.62 17.63 -1
38.33 67.15 94
49.00 -9.09 89
-10.07 -7.75 27
78.17 -20.09 21
20.06 -18.07 82
87.76 -3.81 35
33.50 -56.34 75
50.91 -1.68 78
-42.10 46.95 29
55.53 13.76 59
-7.12 1.15 7
54.66 13.22 8
16.69 -13.38 82
-47.15 24.67 4
-48.12 44.13 92
27.53 33.12 9
26.69 29.90 46
-53.82 17.71 9
28.71 -17.64 57
75.42 -18.37 21
-23.34 -8.70 91
-9.37 41.23 90
38.22 43.88 84
-26.50 -14.28 1
-50.59 52.25 45
-0.47 -46.63 27
-47.38 35.59 77
5.11 13.58 78
-53.76 -26.80 31
0.15 51.59 47
31.83 60.93 4
78.27 -21.44 21
43.29 60.48 88
-5.85 -57.13 39
-43.99 7.03 0
-14.50 -67.75 85
-49.41 34.40 77
74.51 -16.85 79
-16.32 -1.06 50
74.34 -23.20 8
-75.18 -5.76 39
30.01 -5.79 38
-42.19 32.91 93
-38.48 43.60 58
-42.06 -29.40 69
21.51 27.06 46
36.29 48.18 10
-32.36 17.69 36
16.59 -17.81 82
74.61 -10.80 9
7.74 14.12 6
36.54 -17.30 23
74.75 -12.83 79
19.06 24.45 9
-7.16 49.54 104
19.48 -7.82 65
-21.14 -64.31 61
-11.81 -52.97 0
-49.17 41.34 92
22.89 -26.35 22
-70.59 -1.35 22
32.47 61.57 4
21.75 -8.54 8
-42.28 -28.34 69
-44.92 9.61 53
-8.24 -55.41 55
52.18 -1.86 78
-5.00 47.33 38
-13.29 -5.79 1
-8.27 19.41 6
19.82 31.96 103
73.91 -9.69 86
-36.17 18.41 33
-12.30 -4.07 13
19.02 -30.15 14
-45.27 26.76 51
22.00 -73.23 34
-14.67 -58.08 81
5.40 -9.39 32
26.48 47.19 60
-7.09 3.71 7
-51.02 38.79 -1
17.05 -8.94 101
-26.13 -18.20 22
69.16 -13.47 8
24.25 28.10 46
21.65 29.52 46
-9.34 -59.85 39
-48.92 50.18 9
-37.35 -18.27 0
31.43 30.13 18
-12.88 -53.06 -1
16.26 -19.44 54
-21.71 -14.57 22
22.85 23.46 31
-45.87 18.17 24
-43.26 -27.77 69
29.74 -25.74 60
20.10 -16.39 82
1.71 13.42 12
28.15 25.19 46
10.88 -21.56 -1
27.57 46.37 60
39.29 41.93 5
27.19 34.71 63
38.26 -65.46 1
-33.81 64.10 102
87.72 -3.79 35
39.95 -17.07 52
-45.03 10.76 53
78.05 -17.97 21
36.62 43.90 84
-51.37 19.42 6
-4.71 40.40 67
18.06 31.55 21
62.62 0.48 63
32.97 -56.94 75
60.18 11.79 59
-42.35 12.29 53
-35.20 -24.58 55
-52.29 48.64 2
-52.90 -30.09 8
-17.26 -5.52 1
0.91 47.86 47
-58.56 -23.15 76
12.64 21.65 18
43.73 -61.92 15
-36.19 56.72 95
71.24 -24.35 81
37.95 39.87 5
24.35 -33.00 11
18.80 33.04 46
-12.98 37.55 90
38.20 67.40 94
-42.38 21.91 -1
-29.70 62.05 98
-29.57 -24.39 -1
-4.87 -51.83 49
31.42 36.95 15
-6.21 21.80 -1
15.15 15.78 -1
-0.10 10.94 12
9.09 15.93 27
-6.84 14.82 71
-46.26 46.91 22
28.73 -14.00 32
22.32 -72.19 34
-10.46 -56.00 62
41.72 -60.07 15
57.91 7.18 87
21.05 -13.81 82
-46.39 -26.04 62
37.61 47.11 84
31.49 59.78 4
-12.87 36.46 90
50.81 -9.16 89
1.11 52.44 47
-29.22 57.57 91
-77.11 -0.11 15
19.28 -5.35 64
28.22 -66.39 4
52.65 -2.20 22
-2.60 34.84 52
-5.59 -56.34 55
20.33 -30.73 14
44.67 -12.27 60
40.18 -57.62 34
35.02 -14.49 34
18.21 -10.26 101
72.29 -29.08 8
27.08 27.55 9
-11.24 -52.63 0
-22.45 -14.60 22
35.39 -65.30 1
-41.89 -19.14 57
25.89 -65.90 4
34.50 -64.89 1
39.47 -56.36 34
31.24 -3.13 19
32.42 -26.21 100
-28.59 -19.49 35
-67.80 2.59 -1
50.72 -2.48 1
-13.09 -67.62 85
70.49 -28.04 81
28.73 53.61 30
-5.88 -53.30 49
-17.60 -1.90 50
-13.24 -61.92 43
-49.54 29.85 4
-9.68 36.21 90
79.16 -9.24 6
-62.36 -23.28 76
-29.71 -24.71 -1
75.00 -9.19 86
-6.90 4.95 7
25.27 -35.78 18
25.03 -27.31 11
-50.86 13.43 1
-47.78 -28.71 5
-52.36 48.65 2
-14.05 -63.75 85
71.27 -27.84 81
-48.76 14.75 1
52.90 -2.05 22
23.15 33.34 103
37.66 32.40 21
12.33 -22.94 -1
54.26 12.93 36
-5.13 -58.07 55
-47.67 12.90 15
25.81 -35.56 18
-50.63 15.38 1
1.67 11.27 12
-46.97 19.33 6
-40.39 46.95 29
39.76 -56.85 34
33.74 28.60 18
31.58 59.75 4
-46.91 -22.42 31
-8.91 15.97 71
-0.52 -49.66 27
49.91 -9.68 89
-5.31 46.91 104
-49.46 -24.61 31
-8.87 -57.82 39
-54.44 44.34 97
-44.37 25.99 51
-19.83 -12.05 91
-27.72 66.56 56
-55.66 -27.40 5
10.87 -10.09 41
79.99 -6.23 27
3.77 48.93 47
23.40 31.27 103
-63.49 -35.71 100
-8.38 -55.92 39
41.65 -22.12 17
-46.03 24.85 10
26.03 34.94 63
-31.85 61.54 102
-46.10 -32.28 28
-1.51 -54.24 -1
13.36 -10.03 101
39.30 32.66 21
73.54 -24.21 81
-8.94 -60.82 39
-8.59 -0.44 7
-22.61 -16.13 54
-6.14 22.09 -1
28.87 -32.16 49
28.04 33.56 85
-10.63 18.62 6
21.65 -34.79 18
24.04 -68.13 4
-6.73 50.19 8
15.12 -12.73 101
-50.78 -29.01 92
-49.20 44.13 97
-5.91 10.13 99
-17.50 -12.67 0
-37.04 -24.85 55
-7.76 14.52 71
-24.32 -19.04 54
33.44 45.33 84
-50.71 27.99 4
51.48 -7.11 1
-51.44 27.57 4
10.42 -10.72 41
-11.54 2.24 7
-40.74 31.65 17
34.52 -23.86 4
37.98 56.14 48
33.04 39.95 35
-66.44 -33.90 100
83.05 -5.40 50
-6.19 16.07 71
-41.56 39.00 6
-77.29 3.38 15
-67.38 -9.78 -1
-34.20 20.36 36
-50.97 -20.57 22
-44.25 33.52 93
74.07 -7.17 86
36.27 40.22 5
43.62 -23.06 17
-27.21 68.79 56
74.65 -26.62 41
-6.55 41.84 67
42.63 -22.26 17
-10.93 15.51 71
23.40 -26.53 22
-8.57 15.16 71
-59.62 -34.99 1
-29.37 68.43 56
-2.87 36.08 52
-49.91 19.41 6
5.87 48.40 76
-28.99 -27.15 -1
50.01 -6.88 1
-30.53 66.84 56
19.48 -19.33 54
-8.65 -50.81 49
-6.19 5.00 7
-38.83 -25.73 55
-9.94 -54.46 62
28.23 33.98 85
-6.35 -52.21 49
28.33 -7.10 19
27.86 -26.53 -1
-29.45 23.05 14
-77.39 -0.38 15
-10.87 37.39 90
-19.71 -65.71 61
-55.15 -25.33 8
-42.64 -26.35 62
-29.54 69.49 56
-40.81 46.77 29
-60.03 -29.43 43
-29.89 62.58 98
19.86 26.29 46
26.76 48.54 30
-51.17 24.35 4
-32.29 19.38 36
-29.02 -14.82 1
18.60 30.63 17
-53.00 -28.11 8
-10.58 1.36 7
10.05 15.14 27
-28.85 -27.21 -1
36.84 39.87 5
-5.10 33.82 52
-2.03 41.78 38
30.21 29.99 18
38.63 50.20 10
-50.03 20.98 9
11.99 -22.67 -1
-10.65 -63.20 43
69.51 -15.46 8
59.31 9.85 83
37.55 67.57 94
-8.06 -57.07 39
27.82 51.62 30
39.91 34.71 21
74.61 -27.97 41
18.31 25.15 9
44.44 -11.26 60
32.12 -9.34 13
20.66 -13.94 82
-42.31 38.45 6
16.74 -22.59 -1
-4.66 33.27 52
33.25 -27.25 100
29.06 37.72 63
-29.78 71.37 56
-44.18 -30.97 69
23.96 34.11 103
43.04 50.97 -1
56.41 7.67 87
-42.80 48.69 29
-63.46 -34.84 100
78.09 -24.19 41
13.97 19.27 21
34.66 -16.12 34
-77.44 3.39 15
34.17 59.07 4
-46.46 43.67 92
26.85 -66.75 4
5.23 49.70 47
22.86 -15.28 4
75.78 -26.95 41
-22.57 -9.58 91
78.42 -18.68 21
10.83 -13.28 41
40.74 -60.53 7
-55.42 -28.81 5
-50.49 53.40 45
-6.23 -1.42 11
22.76 -71.75 34
-69.58 -2.23 22
-46.52 8.55 0
33.45 -24.91 4
33.30 42.42 84
28.55 51.66 30
38.91 63.59 94
-29.99 -20.22 35
-14.75 -64.38 85
39.25 -63.17 7
-83.73 -0.65 2
-33.93 -23.55 34
-25.02 65.48 30
53.12 3.02 78
35.76 41.18 5
-22.12 -64.84 61
-45.73 20.43 9
71.34 -8.02 36
-43.98 18.18 24
-48.64 10.67 9
8.38 13.95 6
56.16 8.32 87
28.09 42.62 11
-34.30 68.51 13
76.01 -9.99 86
38.91 63.33 94
-46.22 -24.20 62
-71.27 -0.39 54
77.61 -11.27 9
70.87 -22.41 81
26.36 -64.78 4
-43.28 26.66 51
37.86 -11.56 15
-31.50 -26.37 -1
39.02 40.70 5
68.43 -13.84 -1
37.20 -10.21 15
73.21 -12.61 9
20.46 -33.79 2
-51.94 44.65 97
-39.23 -23.17 29
-36.41 28.39 17
-0.29 47.49 23
36.30 -24.11 4
-31.07 -23.59 -1
-43.12 38.99 6
-20.25 -59.96 -1
18.95 24.62 9
-32.24 24.03 14
32.76 -2.24 72
59.88 8.09 83
-55.62 -25.48 8
-39.00 -27.16 55
23.68 -63.22 61
20.53 -32.73 14
-44.87 49.93 29
-41.51 -19.01 57
42.37 45.62 7
-11.55 -1.73 13
-78.17 -0.13 15
-50.02 52.36 45
-59.65 -39.11 80
18.43 -31.14 14
32.23 28.12 18
42.22 46.76 7
17.12 16.94 9
-6.16 3.83 7
-62.20 -32.81 43
-63.36 -37.89 100
25.40 51.30 30
-43.31 49.79 29
11.09 17.18 27
-22.58 63.90 45
22.28 -73.16 34
-50.81 21.18 9
-25.66 62.73 30
-5.67 -52.51 49
-7.04 40.52 67
-5.61 -55.42 1
79.96 -17.55 21
11.68 17.62 -1
-58.42 -35.52 1
-24.84 65.21 45
39.16 47.40 7
-5.30 -51.55 49
18.72 37.74 -1
17.64 -19.20 54
23.11 24.01 31
38.64 -5.06 34
1.50 51.74 47
18.57 22.99 9
34.87 66.17 94
33.34 46.17 84
-56.28 -23.52 50
43.06 45.66 99
34.22 35.93 15
-41.93 32.12 93
-12.32 -8.04 1
85.14 -2.32 50
71.31 -22.83 81
-20.46 -10.40 91
-38.66 22.63 -1
-44.46 38.43 22
-8.74 16.88 71
-28.49 -18.26 35
10.08 -15.76 81
-16.21 -3.58 1
14.19 -15.43 10
75.08 -9.56 86
85.52 -2.85 50
3.05 40.52 25
-63.06 -36.67 100
-50.29 -26.64 31
10.86 17.58 27
-12.04 -5.04 13
-40.47 47.99 29
-2.18 -47.69 27
31.26 -23.01 60
-9.53 -60.54 39
33.48 -57.37 75
-54.41 45.82 97
36.41 -20.49 4
-69.35 -6.45 22
76.42 -20.35 21
-42.29 13.01 53
-32.70 24.36 14
-13.04 37.27 90
85.54 -3.23 50
31.20 47.28 6
-16.74 -2.56 13
34.40 43.92 84
31.91 -9.94 7
-19.81 -63.55 61
19.62 -16.77 82
40.29 -22.94 17
-41.94 12.99 53
-61.29 -27.07 43
26.78 39.09 63
-10.61 -4.25 13
-20.75 -10.81 91
32.62 -25.98 100
54.76 3.71 19
-27.34 -19.09 22
-36.33 -28.82 55
-37.57 51.40 31
32.94 -56.44 75
-6.11 41.54 67
38.83 -12.69 51
-40.99 12.61 96
-44.20 46.99 29
-9.90 -5.00 27
-4.13 37.59 52
-8.03 17.47 71
12.82 -10.20 101
-38.64 -20.82 29
32.97 -64.98 1
-32.92 58.41 95
-29.45 -19.44 35
-59.05 -39.78 80
-39.81 -24.12 55
-46.16 48.62 24
-29.96 69.48 56
78.43 -12.11 9
-37.43 -13.80 0
35.57 -8.13 13
-46.24 23.36 9
42.57 -57.08 43
-73.63 -4.99 2
-53.73 -31.94 31
-25.19 66.07 30
-47.05 -26.32 62
-7.46 49.92 104
53.37 12.74 36
-44.93 23.70 14
18.54 -15.89 82
-40.86 -13.73 20
37.58 65.51 94
30.40 -13.15 32
-46.90 38.56 38
32.83 49.20 42
36.38 64.51 94
42.95 50.81 -1
42.56 -10.37 68
-31.45 64.12 102
-77.29 -3.05 10
48.66 -11.41 89
24.21 -32.90 11
60.15 4.07 46
16.80 18.64 9
43.47 -61.51 15
24.45 34.07 103
10.29 -20.19 -1
37.03 67.88 94
31.36 -31.58 -1
84.34 -3.00 50
-82.03 0.81 2
-49.39 38.18 38
-45.73 37.45 20
-5.18 37.41 52
-75.26 -6.32 39
43.33 -13.14 60
-15.22 -11.31 0
17.64 -11.75 65
22.79 -13.76 4
12.02 23.66 18
-21.28 -15.04 22
21.49 -4.55 8
-6.41 44.94 104
80.32 -2.77 49
41.62 -14.70 60
-47.97 30.71 77
-2.92 -48.81 49
29.44 54.72 61
-16.07 -1.39 13
-1.88 -46.24 27
-66.42 -34.97 100
7.84 13.28 6
21.36 -26.41 22
51.61 1.65 78
29.55 29.17 18
34.12 -9.44 13
24.38 27.34 46
-32.07 22.99 14
35.84 -26.58 52
-48.56 -31.49 28
-71.53 -5.45 2
-19.69 -3.81 47
67.70 -13.26 -1
-38.49 52.83 11
-3.78 39.93 67
27.74 -7.14 19
-60.56 -38.77 80
1.85 11.87 12
-78.46 -8.53 39
4.80 -1.75 63
38.36 -5.19 34
23.80 27.80 46
51.04 1.70 78
-55.79 -22.75 50
-62.23 -23.22 76
-64.60 -36.89 100
50.90 -3.31 1
24.71 -11.06 4
77.08 -3.32 27
82.75 -3.85 50
35.19 66.57 94
16.01 -32.48 2
-5.17 47.96 38
52.85 7.44 70
-9.91 -63.89 45
40.04 -14.26 52
25.59 -65.15 4
26.19 30.14 9
-7.53 18.85 6
24.93 -31.16 11
69.11 -14.52 8
-19.45 -14.01 0
70.76 -29.23 8
30.82 -5.96 19
-17.44 -61.97 -1
1.30 52.52 47
19.06 38.22 -1
-50.30 16.66 1
24.00 35.68 103
33.81 31.00 18
-35.45 63.84 102
83.55 -1.84 50
-39.88 43.23 6
-14.61 -58.10 81
29.76 -24.38 60
-48.08 -33.12 28
-12.81 -2.88 13
28.49 25.22 46
17.94 -34.91 2
-53.54 45.92 97
-9.15 -0.23 7
-46.73 -30.69 5
-52.14 -26.77 8
23.63 -63.10 61
34.99 -60.29 5
-47.95 24.33 4
-42.70 53.01 24
-63.90 -18.47 24
31.91 61.49 4
85.03 -3.75 50
7.36 16.25 20
1.12 52.50 47
60.52 12.13 59
21.90 -73.26 34
31.97 52.92 61
41.28 -9.62 68
23.91 33.82 103
-40.65 -24.60 29
42.40 -8.85 68
-74.26 -3.98 2
8.49 14.04 6
33.78 58.19 4
-50.81 51.47 45
-78.88 -1.73 10
80.18 -22.15 21
19.18 38.41 -1
34.61 -24.09 4
-1.88 -45.99 27
-42.75 -27.53 69
-42.04 9.04 0
12.13 -9.99 101
-10.08 -3.12 16
78.85 -20.31 21
-28.62 68.23 56
27.52 38.43 63
26.73 -12.55 32
-52.77 51.17 45
-12.24 -65.07 2
30.33 -16.72 57
42.20 -9.52 68
39.38 62.97 94
-37.49 36.37 43
-44.05 10.32 53
40.95 -8.03 68
28.77 48.00 30
-14.45 -65.72 85
33.19 41.53 6
15.88 -12.02 101
25.20 -69.49 4
-41.68 37.16 6
37.95 -56.82 5
18.08 -13.48 82
5.01 18.60 20
55.66 12.01 59
-13.33 -56.35 62
36.82 32.02 21
-29.73 -22.36 22
-48.89 -24.13 31
-11.47 2.78 7
-13.10 37.31 90
59.54 8.83 83
26.48 -30.59 11
31.53 -8.27 13
27.00 -64.82 4
36.07 67.15 94
-52.24 24.60 67
-0.38 41.26 75
-81.07 -0.85 2
-32.10 23.97 14
38.03 66.11 94
-13.52 -62.92 43
-12.71 -55.44 62
20.78 -33.65 2
-43.66 -19.77 17
42.64 -60.06 15
-45.90 33.40 93
-47.05 9.93 0
20.73 -5.33 64
-16.36 -3.12 13
-50.47 -34.97 28
74.45 -24.06 8
-23.70 -63.21 -1
-10.23 1.06 7
36.03 -62.73 1
-75.26 -1.09 15
-50.11 45.51 97
40.69 62.33 88
-34.45 57.89 95
47.32 -8.18 21
32.96 48.13 42
9.73 17.15 27
-50.18 22.77 9
-45.65 35.41 77
22.71 -11.80 4
-10.30 -63.52 43
-25.61 66.28 30
42.04 45.03 7
-32.43 17.55 36
21.51 30.20 46
32.90 -24.82 4
5.55 16.61 20
-57.49 -34.98 1
1.32 49.79 47
32.17 4.05 -1
-72.70 0.02 54
-78.12 -6.43 39
-43.15 -27.73 69
36.43 50.26 10
-36.93 30.56 17
-51.23 36.50 -1
78.03 -25.27 41
-5.15 8.16 9
36.57 -56.77 75
78.45 -10.09 23
-15.97 -2.31 13
-46.56 41.96 92
-50.00 11.49 9
-37.77 -23.86 55
24.90 50.57 63
32.81 -6.53 13
-44.09 22.37 -1
-32.24 -27.81 -1
25.99 42.47 11
-48.19 -30.03 5
-16.20 -66.06 85
-14.49 -69.25 85
-63.83 -29.78 43
20.31 -19.01 54
41.01 -6.52 68
-64.60 -36.03 100
38.16 -54.90 5
18.84 -25.41 22
60.22 9.26 83
-53.60 -30.03 8
-64.68 -34.89 100
27.06 -26.57 -1
-6.11 9.44 99
19.95 -35.64 43
-30.79 63.13 102
50.47 -12.32 89
27.27 47.87 30
42.79 -57.18 43
-37.83 -23.54 55
-39.28 46.46 29
78.23 -9.27 86
38.75 -27.77 31
-48.17 -28.35 21
25.49 33.06 103
37.00 66.49 94
16.20 19.25 9
36.11 -64.26 1
28.78 49.62 30
26.50 36.57 63
-31.80 -20.29 35
32.62 47.01 84
36.41 58.31 48
49.36 -3.17 1
18.50 24.36 9
-16.01 -0.65 50
-38.31 48.17 85
-8.11 15.45 71
-43.73 52.15 24
28.32 -8.79 19
38.54 -22.56 15
-18.97 -12.44 0
41.91 -58.97 15
19.87 -35.51 17
5.42 -9.52 32
54.18 12.85 36
-19.71 -66.42 61
-42.23 39.49 6
86.75 -3.16 35
-42.39 11.66 66
-73.52 0.22 15
17.84 -16.43 82
33.98 48.06 84
34.21 -59.71 5
26.68 -68.55 4
-62.40 -30.91 43
-13.66 -58.57 43
-60.69 -39.28 80
40.69 46.90 7
84.72 -2.83 50
24.68 -33.24 11
-16.93 -67.51 85
26.54 32.81 9
76.06 -23.82 35
-21.84 -14.95 22
-38.69 -25.43 55
-34.80 65.22 102
-47.86 20.01 6
-49.71 12.17 9
-4.33 -58.74 55
-59.36 -40.19 80
35.10 52.42 30
54.50 13.41 36
-49.31 -31.29 28
32.14 53.69 61
-6.38 39.55 67
25.97 40.74 11
-25.17 -19.64 22
-44.36 -26.42 62
-78.58 -6.66 39
-21.13 -63.90 61
33.67 -56.88 75
38.52 -13.51 51
-16.35 -0.44 50
-47.40 47.04 22
2.15 43.65 25
-60.45 -36.18 80
58.81 12.80 59
56.26 14.38 59
37.07 67.71 94
21.71 -72.45 34
-59.24 -39.45 80
18.76 24.17 9
-0.15 -48.14 27
14.83 27.29 18
-17.83 -65.73 85
-32.59 20.49 32
32.61 -23.38 4
-72.11 -5.60 2
27.02 -58.40 105
12.59 23.36 18
73.36 -22.00 8
-13.27 -67.26 85
71.92 -21.01 8
-53.74 -28.52 8
-58.98 -23.40 76
-10.98 -2.37 13
-23.27 -17.92 54
77.08 -20.28 21
29.14 54.50 61
-32.30 -24.49 34
-57.78 -22.44 50
18.42 -33.68 2
-4.67 42.51 67
74.33 -25.98 41
39.07 33.76 21
29.92 -26.55 60
24.45 26.85 46
-17.60 -66.10 85
77.53 -20.46 21
19.03 -20.15 54
-31.33 -21.20 35
76.53 -26.15 41
33.24 -7.16 13
-22.81 -7.88 91
34.76 -25.05 4
-51.23 21.40 9
33.43 34.57 15
-30.35 -20.12 35
-24.49 65.69 45
-48.61 26.41 4
-7.13 9.63 99
-28.49 68.28 56
35.66 -27.82 55
-4.22 44.93 67
-47.13 43.60 92
-9.70 -55.95 55
-47.35 28.12 4
25.95 -11.76 32
21.74 -26.21 22
-7.24 50.33 8
-50.91 28.36 4
28.98 -66.46 23
-51.27 -26.50 8
81.85 -1.03 35
-50.76 53.90 45
-64.70 -33.28 100
-30.22 25.35 14
71.36 -12.06 0
-30.43 62.18 98
-52.38 33.84 33
-13.00 2.71 38
13.51 -19.58 81
73.56 -24.95 81
-7.11 -52.93 49
-5.65 45.99 104
-28.39 67.14 56
50.16 1.70 78
-47.03 31.60 93
-8.08 11.98 99
-36.33 -25.92 55
19.51 -7.76 65
-52.05 -20.68 22
-51.22 52.22 45
76.37 -24.89 41
3.41 40.48 25
-26.73 66.11 30
27.12 -61.06 105
-20.26 -9.80 91
74.92 -22.97 8
-41.07 -28.71 69
6.94 48.40 76
-80.30 0.19 15
16.58 -15.15 82
38.53 51.51 10
-8.59 -57.12 39
-6.56 46.34 104
3.39 -2.74 63
-41.52 13.28 66
-47.83 28.94 4
10.54 -20.90 -1
38.59 -56.82 5
26.95 -16.30 57
-47.79 21.89 9
-16.35 -16.66 -1
71.29 -28.26 81
-62.28 -22.36 76
-63.40 -32.88 100
32.55 4.38 -1
-20.81 -8.86 91
-41.55 51.10 29
-74.05 0.22 15
37.03 -25.04 4
16.34 26.77 -1
0.97 48.74 47
63.84 -1.42 63
52.90 14.22 36
-73.77 -5.04 2
75.60 -10.53 86
-10.24 -2.18 11
32.01 56.76 4
-53.33 -28.30 8
22.32 -72.67 34
-41.58 -29.31 69
0.71 13.23 12
25.38 -31.87 11
29.43 -8.11 19
-63.06 -21.12 76
27.20 44.00 11
35.86 -65.53 1
15.16 -11.31 101
20.42 -30.82 14
37.17 -62.74 1
15.53 -9.99 101
41.02 -19.44 17
-40.82 50.72 29
79.51 -8.04 6
-40.77 -21.69 29
51.65 -1.43 78
-81.56 -0.67 2
-23.44 -20.31 -1
2.07 49.10 47
-6.63 8.04 99
-48.26 33.02 77
38.73 43.37 5
14.27 20.17 21
-28.64 -23.91 -1
23.77 35.95 103
-49.04 12.70 9
27.30 -67.81 4
40.75 -10.28 68
2.87 -1.54 63
-28.02 -15.30 1
-29.63 69.42 56
25.90 -15.76 57
18.66 -31.26 14
85.43 -2.66 50
27.22 -17.96 57
-51.31 20.66 9
-0.89 -46.71 27
19.09 -12.24 82
-44.23 52.34 24
51.90 1.24 78
-38.80 -20.73 29
3.19 41.61 25
-8.29 12.73 99
-32.03 63.16 102
-48.16 35.83 77
31.85 64.83 14
78.48 -18.68 21
-57.67 -28.43 5
-17.78 -66.81 85
59.19 12.22 59
22.87 -33.66 11
-66.89 -32.84 100
13.95 -14.68 41
11.52 -8.95 101
44.66 -61.62 15
1.68 -51.05 36
-51.03 -28.78 8
-67.50 3.03 -1
-4.79 41.62 67
20.98 -10.34 32
-49.07 -24.07 31
-66.08 -33.15 100
-41.34 45.61 29
-1.79 41.29 38
-22.22 63.69 45
-58.15 -25.21 30
-52.29 -18.77 22
58.18 12.34 59
72.27 -24.43 81
-22.03 -10.28 91
80.19 -2.57 49
-47.02 50.19 24
38.49 -63.67 1
-43.28 -28.63 69
42.76 -60.77 15
-34.50 67.69 13
-10.30 -1.78 11
-35.17 56.43 95
-50.65 -30.93 28
-10.02 -57.12 39
39.10 45.90 7
-15.43 -59.46 81
-50.24 48.56 22
77.31 -12.47 79
49.73 -11.28 89
45.91 -12.30 60
20.01 -20.45 54
4.44 16.58 20
-41.11 26.05 51
-57.52 -31.72 1
23.54 -33.87 18
40.33 -57.97 34
-10.59 -59.62 39
76.61 -25.42 41
-52.84 -18.67 -1
75.77 -17.41 79
-28.67 -15.11 1
-40.87 12.60 96
-62.75 -35.01 100
-64.36 -21.37 76
21.12 -34.65 17
-33.74 20.81 36
3.60 -3.44 63
36.61 -22.93 4
38.48 -21.14 15
-7.22 43.68 104
-4.53 37.01 52
-31.44 62.42 102
12.02 -14.28 41
17.29 -10.62 101
41.94 -62.33 7
-33.93 21.47 14
28.11 34.18 63
77.56 -13.52 79
15.70 -8.83 101
57.24 13.36 59
16.59 -10.31 101
75.23 -12.80 79
-3.74 -48.52 49
-21.25 -10.37 91
-17.92 -52.74 71
31.88 30.23 18
-46.24 28.39 93
21.47 -72.99 34
-52.77 31.09 33
-48.76 14.05 15
-49.95 27.13 4
23.90 -31.95 11
28.90 55.91 77
3.11 14.67 6
-48.70 37.74 38
24.55 23.85 49
-44.60 29.03 93
54.55 5.22 87
36.12 -15.43 34
-36.35 51.86 31
36.26 -10.76 34
-61.31 -23.28 76
-47.94 16.12 1
40.69 33.63 21
-78.99 -0.02 15
39.82 -55.99 34
-25.79 -22.06 22
34.18 64.73 72
-11.79 2.06 11
-33.48 -23.59 34
74.83 -14.92 79
18.58 -34.73 2
-35.23 57.39 95
-45.01 26.61 51
60.18 10.73 59
-75.26 -3.62 2
-55.11 -25.45 8
-6.51 45.45 104
75.67 -9.09 86
-41.26 30.73 93
-39.47 11.59 96
-7.60 47.68 104
51.75 -3.81 1
38.89 -55.42 34
-13.94 -64.81 85
31.42 -6.73 13
-44.81 19.97 24
-19.99 -12.68 91
-12.87 -63.24 43
30.19 -7.43 19
-49.54 22.37 9
-35.71 -23.53 55
-82.62 -0.74 2
40.19 -25.08 17
-15.21 -69.72 14
-9.40 -62.85 43
-17.55 -10.30 0
-8.51 16.38 71
-17.49 -2.63 47
